321.0;[25.46453092  5.36687775  1.63089643 10.84615338]
354.0;[ 8.26202786 15.90000675  9.17756747  9.13423077]
336.0;[ 3.35223829  7.49697042 27.52889694  7.9244056 ]
397.0;[21.53321062 25.97145103 24.21238447  6.31651748]
170.0;[5.01729094 1.40119175 1.18266935 6.00692429]
264.0;[29.95630208 11.18360935 22.81530822 14.20423328]
334.0;[15.29145917 28.35115252  3.28339945 13.95279482]
269.0;[ 4.2466578  16.15046286  8.9699597  16.13235658]
402.0;[19.96882613 10.92986402 18.69055858 19.28174656]
266.0;[12.5994546  12.09727302 11.71260978 12.18568567]
267.0;[ 2.38998316  1.70493604  2.34992726 20.87033432]
213.0;[ 0.87476883 14.98477259  3.97902953  0.92266901]
311.0;[19.18468285 13.37994443 29.23819907  9.89297797]
299.0;[ 5.8627447  20.52138637 10.53296572 23.1310834 ]
362.0;[23.75398504 13.31623767  8.06484904  0.71713266]
394.0;[11.13997697  2.93192639 21.82567646 13.78333276]
314.0;[15.61489424 20.53707129 12.75870886 18.10419172]
277.0;[24.71547325 13.5561379  26.63835603  6.6119861 ]
265.0;[ 3.20467955  0.36030377 27.53824196 19.09698643]
351.0;[ 6.59286112 16.42657301 27.62399011 26.26997826]
345.0;[ 3.82776465  9.10961219  8.85889715 17.07315113]
366.0;[22.30258888  9.90045556 18.23556922 15.47026059]
241.0;[27.59402174  6.04099834  0.04934273  2.1519959 ]
393.0;[12.6148349  14.96752116 17.2125506  26.41120146]
396.0;[ 6.02159899 12.63534178 27.96832031 10.89872394]
231.0;[ 0.45012469 26.99182226 18.46200501 29.12826205]
351.0;[18.64861002 28.08787369 17.97119014  4.17836146]
371.0;[20.3512417  16.39017142  0.27133151 23.2431072 ]
422.0;[ 3.64273515 15.52182428 19.97257032 22.88738525]
339.0;[28.22636642  3.71962693  6.29987214 10.96103106]
382.0;[12.03865499 17.70016384 29.81744104 18.34526621]
257.0;[20.49064053  2.88633881 13.02065015  3.87476086]
411.0;[ 6.46210107 25.5019784  11.09967739  6.84637438]
296.0;[25.79797954 13.97252337 20.34350913 11.33627931]
398.0;[21.49300666 10.95059362 16.54565617 17.58806101]
386.0;[ 3.46165046  4.78607252 22.36314683 14.17025082]
366.0;[18.90608785 24.36041071  1.98003368  8.99756759]
379.0;[18.70746161 14.79562612 23.67659187 25.16369783]
283.0;[22.83830013  3.64474759 29.09228136 25.91427684]
233.0;[ 2.97871672 10.27965008  1.08381157 17.60522638]
211.0;[23.92156487 29.07393171 29.05515752  2.37088515]
364.0;[ 5.54228934 26.50607205 22.33541185  5.01048736]
386.0;[13.15527928 15.37972289  6.52144971  3.04930296]
360.0;[ 7.46894763 28.99836952 24.65539517 13.05348392]
266.0;[24.83437008  1.42610969 23.09559731 28.96804689]
340.0;[ 0.92619404 17.72688037 22.45007482  5.95291622]
369.0;[13.56798066  7.58307081 24.51769383 28.52582412]
300.0;[ 7.86742799  3.99731249  5.03616405 12.31196042]
370.0;[14.5263637   4.38273746 21.52660503 11.09562427]
292.0;[ 4.75640511 18.0914453   9.3642461  27.66536276]
448.0;[21.49300666 10.95059362 11.09967739 17.58806101]
411.0;[ 6.46210107 25.5019784  16.54565617  6.84637438]
389.0;[11.13997697 15.52182428 19.97257032 13.78333276]
362.0;[ 3.64273515  2.93192639 21.82567646 22.88738525]
424.0;[ 3.46165046 14.96752116 22.36314683 14.17025082]
385.0;[12.6148349   4.78607252 18.88140596 26.41120146]
416.0;[19.96882613 15.37972289  6.52144971  3.04930296]
422.0;[13.15527928 10.92986402 18.69055858 19.28174656]
313.0;[21.53321062 12.63534178 24.21238447  6.31651748]
349.0;[ 6.94290392 25.97145103 27.96832031 10.89872394]
398.0;[21.49300666 10.95059362 16.54565617 17.58806101]
411.0;[ 6.46210107 25.5019784  11.09967739  6.84637438]
394.0;[11.13997697  2.93192639 21.82567646 13.78333276]
422.0;[ 3.64273515 15.52182428 19.97257032 22.88738525]
393.0;[12.6148349  14.96752116 17.2125506  26.41120146]
386.0;[ 3.46165046  4.78607252 22.36314683 14.17025082]
386.0;[13.15527928 15.37972289  6.52144971  3.04930296]
402.0;[19.96882613 10.92986402 18.69055858 19.28174656]
397.0;[21.53321062 25.97145103 24.21238447  6.31651748]
396.0;[ 6.02159899 12.63534178 27.96832031 10.89872394]
375.0;[21.53321062 10.92986402 24.21238447 19.28174656]
430.0;[13.15527928 25.97145103 18.69055858  6.31651748]
411.0;[ 6.46210107 25.5019784  11.09967739  6.84637438]
408.0;[21.88315803 10.92986402 18.69055858 19.28174656]
394.0;[19.77080113 14.96752116 11.09967739 17.58806101]
424.0;[ 3.46165046  9.35474616 22.36314683 14.17025082]
431.0;[ 3.64273515 10.95059362 19.97257032 17.58806101]
371.0;[21.49300666 15.52182428 18.27778327 22.88738525]
385.0;[19.96882613 15.37972289 16.54565617  3.04930296]
418.0;[ 6.46210107 23.62741036  6.3955448   6.84637438]
422.0;[13.15527928 10.92986402 18.69055858 19.28174656]
397.0;[21.53321062 25.97145103 24.21238447  6.31651748]
411.0;[ 6.46210107 25.5019784  11.09967739  6.84637438]
402.0;[19.96882613 10.92986402 18.69055858 19.28174656]
424.0;[ 3.46165046 14.96752116 22.36314683 14.17025082]
448.0;[21.49300666 10.95059362 11.09967739 17.58806101]
398.0;[21.49300666 10.95059362 16.54565617 17.58806101]
422.0;[ 3.64273515 15.52182428 19.97257032 22.88738525]
411.0;[ 6.46210107 25.5019784  16.54565617  6.84637438]
416.0;[19.96882613 15.37972289  6.52144971  3.04930296]
368.0;[ 3.64273515 15.37972289 19.97257032  3.04930296]
458.0;[19.96882613 10.95059362  6.52144971 17.58806101]
404.0;[ 3.46165046 14.96752116 22.36314683  6.84637438]
344.0;[ 6.46210107 23.62741036  6.3955448  14.17025082]
375.0;[ 3.46165046 25.55361145 11.09967739  6.84637438]
465.0;[ 6.46210107  9.35474616 22.36314683 14.17025082]
422.0;[13.15527928 10.92986402 18.69055858 19.28174656]
430.0;[13.15527928 25.97145103 19.95783625  6.31651748]
448.0;[21.49300666 10.95059362 11.09967739 17.58806101]
424.0;[ 3.64273515 15.52182428 20.20459602 22.88738525]
416.0;[19.96882613 15.37972289  6.52144971  3.04930296]
431.0;[ 3.64273515 10.95059362 19.97257032 17.58806101]
418.0;[ 6.46210107 23.62741036  6.3955448   6.84637438]
424.0;[ 3.46165046 14.96752116 22.36314683 14.17025082]
424.0;[ 3.46165046  9.35474616 22.36314683 14.17025082]
411.0;[ 6.46210107 25.5019784  11.09967739  6.84637438]
422.0;[13.15527928 10.92986402 18.69055858 19.28174656]
430.0;[13.15527928 25.97145103 18.69055858  6.31651748]
422.0;[ 3.64273515 15.52182428 19.97257032 22.88738525]
448.0;[21.49300666 10.95059362 11.09967739 17.58806101]
465.0;[ 6.46210107  9.35474616 22.36314683 14.17025082]
424.0;[ 3.46165046  9.35474616 22.36314683 14.17025082]
313.0;[21.49300666 10.95059362 22.36314683 14.17025082]
329.0;[ 3.46165046 14.96752116 11.09967739 17.58806101]
409.0;[13.15527928 15.52182428 20.20459602 22.88738525]
362.0;[ 2.14265645 25.97145103 18.69055858  6.31651748]
400.0;[17.98655214 10.95059362  6.52144971  6.31651748]
371.0;[13.15527928 25.97145103 19.95783625 17.58806101]
433.0;[ 3.64273515 10.95059362 21.21048371 17.58806101]
448.0;[21.49300666 10.95059362 11.09967739 17.58806101]
465.0;[ 6.46210107  9.35474616 22.36314683 14.17025082]
424.0;[ 3.46165046  9.35474616 22.36314683 14.17025082]
424.0;[ 3.46165046 14.96752116 22.36314683 14.17025082]
448.0;[21.49300666 10.95059362 11.09967739 17.58806101]
430.0;[13.15527928 25.97145103 18.69055858  6.31651748]
424.0;[ 3.64273515 15.52182428 20.20459602 22.88738525]
430.0;[13.15527928 25.97145103 19.95783625  6.31651748]
458.0;[19.96882613 10.95059362  6.52144971 17.58806101]
431.0;[ 3.64273515 10.95059362 19.97257032 17.58806101]
448.0;[21.49300666 10.95059362 11.09967739 17.58806101]
448.0;[21.49300666 10.95059362 11.09967739 17.58806101]
448.0;[21.49300666 10.95059362 11.09967739 17.58806101]
430.0;[13.15527928 25.97145103 19.95783625  6.31651748]
430.0;[13.15527928 25.97145103 18.69055858  6.31651748]
458.0;[21.49300666 10.95059362 10.49406827 17.58806101]
472.0;[21.90707935 10.95059362  6.52144971 17.58806101]
433.0;[ 3.64273515 10.95059362 21.21048371 17.58806101]
431.0;[ 3.64273515 10.95059362 19.97257032 17.58806101]
465.0;[ 6.46210107  9.35474616 22.36314683 14.17025082]
465.0;[ 6.46210107  9.35474616 22.36314683 14.17025082]
448.0;[21.49300666 10.95059362 11.09967739 17.58806101]
448.0;[21.49300666 10.95059362 11.09967739 17.58806101]
430.0;[13.15527928 25.97145103 18.69055858  6.31651748]
430.0;[13.15527928 25.97145103 19.95783625  6.31651748]
448.0;[21.49300666 10.95059362 11.09967739 17.58806101]
458.0;[19.96882613 10.95059362  6.52144971 17.58806101]
431.0;[ 3.64273515 10.95059362 19.97257032 17.58806101]
433.0;[ 3.64273515 10.95059362 21.21048371 17.58806101]
465.0;[ 6.46210107  9.35474616 22.36314683 14.17025082]
465.0;[ 6.46210107  9.35474616 22.36314683 14.17025082]
354.0;[ 6.46210107  9.98121649 11.09967739 14.17025082]
409.0;[21.42611685  9.35474616 22.36314683 19.34957002]
464.0;[ 6.46210107 10.95059362 22.19231184 14.17025082]
446.0;[19.96882613  9.35474616  4.65686252 17.58806101]
361.0;[21.49300666 10.95059362 22.36314683 17.58806101]
332.0;[ 6.46210107  9.35474616 11.09967739 12.56042031]
472.0;[21.49300666 10.95059362  6.52144971 17.58806101]
458.0;[21.90707935 10.95059362 10.49406827 17.03783675]
318.0;[ 6.46210107 10.95059362  9.5694954  14.17025082]
377.0;[21.49300666  9.35474616 22.36314683 17.58806101]
465.0;[ 6.46210107  9.35474616 22.36314683 14.17025082]
448.0;[21.49300666 10.95059362 11.09967739 17.58806101]
458.0;[19.96882613 10.95059362  6.52144971 17.58806101]
465.0;[ 6.46210107  9.35474616 22.36314683 14.17025082]
465.0;[ 6.46210107  9.35474616 22.36314683 14.17025082]
448.0;[21.49300666 10.95059362 11.09967739 17.58806101]
472.0;[21.90707935 10.95059362  6.52144971 17.58806101]
458.0;[21.49300666 10.95059362 10.49406827 17.58806101]
448.0;[21.49300666 10.95059362 11.09967739 17.58806101]
465.0;[ 6.46210107  9.35474616 22.36314683 14.17025082]
472.0;[21.90707935 10.33267366  6.52144971 17.58806101]
465.0;[ 6.46210107  9.35474616 22.36314683 14.17025082]
465.0;[ 6.46210107  9.35474616 22.36314683 14.17025082]
458.0;[19.96882613 10.95059362  6.52144971 17.58806101]
458.0;[21.77200501 10.95059362 10.49406827 17.58806101]
458.0;[21.49300666 10.95059362 10.49406827 17.03783675]
304.0;[ 6.46210107  9.35474616  6.52144971 14.17025082]
361.0;[21.49300666 10.95059362 22.36314683 17.58806101]
441.0;[ 4.73108628  9.35474616 22.19231184 14.17025082]
463.0;[ 6.46210107 11.8796705  22.36314683 14.17025082]
465.0;[ 6.46210107  9.35474616 22.36314683 14.17025082]
472.0;[21.90707935 10.95059362  6.52144971 17.58806101]
465.0;[ 6.46210107  9.35474616 22.36314683 14.17025082]
458.0;[19.96882613 10.95059362  6.52144971 17.58806101]
458.0;[21.49300666 10.95059362 10.49406827 17.58806101]
458.0;[21.90707935 10.95059362 10.49406827 17.03783675]
472.0;[21.49300666 10.95059362  6.52144971 17.58806101]
465.0;[ 6.46210107  9.35474616 22.36314683 14.17025082]
465.0;[ 6.46210107  9.35474616 22.36314683 14.17025082]
464.0;[ 6.46210107 10.95059362 22.19231184 14.17025082]
377.0;[21.90707935  9.35474616 22.36314683 17.58806101]
289.0;[ 6.46210107 10.59666046  6.52144971 14.17025082]
465.0;[ 6.46210107  9.35474616 22.36314683 14.17025082]
465.0;[ 6.46210107  9.35474616 22.36314683 14.17025082]
325.0;[ 5.81822054 10.95059362  6.52144971 17.58806101]
313.0;[21.49300666 10.95059362 22.19231184 14.17025082]
289.0;[ 6.46210107 10.95059362  6.39767174 14.17025082]
377.0;[21.90707935  9.35474616 22.36314683 17.58806101]
465.0;[ 6.46210107  9.35474616 22.36314683 14.17025082]
465.0;[ 6.46210107  9.35474616 22.36314683 14.17025082]
465.0;[ 6.46210107  9.35474616 22.36314683 14.17025082]
472.0;[21.90707935 10.33267366  6.52144971 17.58806101]
465.0;[ 6.46210107  9.35474616 22.36314683 14.17025082]
465.0;[ 6.46210107  9.35474616 22.36314683 14.17025082]
472.0;[21.49300666 10.95059362  6.52144971 17.58806101]
464.0;[ 6.46210107 10.95059362 22.19231184 14.17025082]
472.0;[21.90707935 10.95059362  6.52144971 17.58806101]
465.0;[ 6.46210107  9.35474616 22.36314683 14.17025082]
465.0;[ 6.46210107  9.35474616 22.36314683 14.17025082]
465.0;[ 6.46210107  9.35474616 22.36314683 14.17025082]
361.0;[21.90707935 10.33267366 22.36314683 17.58806101]
314.0;[ 6.46210107  9.35474616  7.51868292 14.17025082]
377.0;[21.49300666  9.35474616 22.36314683 17.58806101]
289.0;[ 6.46210107 10.95059362  6.52144971 14.17025082]
465.0;[ 6.46210107  9.35474616 22.36314683 14.17025082]
465.0;[ 6.46210107  9.35474616 22.36314683 14.17025082]
456.0;[ 5.55789963  9.35474616 22.36314683 19.30048988]
468.0;[21.90707935 10.95059362  6.52144971 15.77744264]
465.0;[ 6.46210107  9.35474616 22.36314683 14.17025082]
467.0;[ 6.46210107  9.35474616 22.36314683 16.11975595]
465.0;[ 6.46210107  9.35474616 22.36314683 14.17025082]
472.0;[21.90707935 10.33267366  6.52144971 17.58806101]
465.0;[ 6.46210107  9.35474616 22.36314683 14.17025082]
472.0;[21.49300666 10.95059362  6.52144971 17.58806101]
465.0;[ 6.46210107  9.35474616 22.36314683 14.17025082]
465.0;[ 6.46210107  9.35474616 22.36314683 14.17025082]
465.0;[ 6.46210107  9.35474616 22.36314683 14.17025082]
472.0;[21.90707935 10.95059362  6.52144971 17.58806101]
465.0;[ 6.46210107  9.35474616 22.36314683 14.17025082]
465.0;[ 6.46210107  9.35474616 22.36314683 14.17025082]
290.0;[ 4.49975793  9.35474616  6.52144971 14.17025082]
377.0;[21.49300666  9.8433808  22.36314683 17.58806101]
465.0;[ 6.46210107  9.35474616 22.36314683 14.17025082]
465.0;[ 6.46210107  9.35474616 22.36314683 14.17025082]
465.0;[ 6.46210107  9.35474616 22.36314683 14.17025082]
467.0;[ 6.46210107  9.35474616 22.36314683 16.11975595]
349.0;[ 6.46210107  9.35474616  6.52144971 17.58806101]
313.0;[21.90707935 10.95059362 22.36314683 14.17025082]
472.0;[21.90707935 10.33267366  6.52144971 17.58806101]
468.0;[21.90707935 10.95059362  6.52144971 15.77744264]
465.0;[ 6.46210107  9.35474616 22.36314683 14.17025082]
472.0;[21.49300666 10.95059362  6.52144971 17.58806101]
465.0;[ 6.46210107  9.35474616 22.36314683 14.17025082]
465.0;[ 6.46210107  9.35474616 22.36314683 14.17025082]
465.0;[ 6.46210107  9.35474616 22.36314683 14.17025082]
467.0;[ 6.46210107  9.35474616 22.36314683 16.11975595]
465.0;[ 6.46210107  9.35474616 22.36314683 14.17025082]
472.0;[21.90707935 10.95059362  6.52144971 17.58806101]
468.0;[21.90707935 10.95059362  6.52144971 15.77744264]
472.0;[21.90707935 10.33267366  6.52144971 17.58806101]
467.0;[ 6.46210107  9.35474616 22.36314683 16.11975595]
467.0;[ 6.46210107  9.35474616 22.36314683 16.11975595]
289.0;[ 6.46210107 10.95059362  6.52144971 14.17025082]
345.0;[21.90707935  9.35474616 22.36314683 15.77744264]
472.0;[21.90707935 10.95059362  6.52144971 17.58806101]
468.0;[21.90707935 10.95059362  6.52144971 15.77744264]
464.0;[ 6.46210107 10.33267366 22.36314683 14.17025082]
474.0;[21.90707935  9.35474616  6.52144971 17.58806101]
472.0;[21.49300666 10.33267366  6.52144971 17.58806101]
472.0;[21.90707935 10.95059362  6.52144971 17.58806101]
467.0;[ 6.46210107  9.35474616 22.36314683 16.11975595]
467.0;[ 6.46210107  9.35474616 22.36314683 16.11975595]
468.0;[21.90707935 10.95059362  6.52144971 15.77744264]
465.0;[ 6.46210107  9.35474616 22.36314683 14.17025082]
468.0;[21.90707935 10.95059362  6.52144971 15.77744264]
472.0;[21.90707935 10.95059362  6.52144971 17.58806101]
472.0;[21.90707935 10.33267366  6.52144971 17.58806101]
465.0;[ 6.46210107  9.35474616 22.36314683 14.17025082]
472.0;[21.49300666 10.95059362  6.52144971 17.58806101]
472.0;[21.90707935 10.33267366  6.52144971 17.58806101]
472.0;[21.90707935 10.95059362  6.52144971 17.58806101]
468.0;[21.90707935 10.95059362  6.52144971 15.77744264]
472.0;[21.49300666 10.95059362  6.52144971 17.58806101]
472.0;[21.90707935 10.95059362  6.52144971 17.58806101]
474.0;[21.90707935  9.35474616  6.52144971 17.58806101]
472.0;[21.90707935 10.33267366  6.52144971 17.58806101]
472.0;[21.90707935 10.33267366  6.52144971 17.58806101]
460.0;[20.72713797 10.95059362  6.52144971 15.77744264]
472.0;[21.49300666 10.95059362  6.52144971 17.58806101]
472.0;[21.90707935 10.33267366  6.52144971 17.58806101]
472.0;[21.90707935 10.95059362  6.52144971 17.58806101]
468.0;[21.90707935 10.95059362  6.52144971 15.77744264]
472.0;[21.49300666 10.95059362  6.52144971 17.58806101]
472.0;[21.90707935 10.95059362  6.52144971 17.58806101]
472.0;[21.90707935 10.33267366  6.52144971 17.58806101]
474.0;[21.90707935  9.35474616  6.52144971 17.58806101]
472.0;[21.90707935 10.33267366  6.52144971 17.58806101]
468.0;[21.90707935 10.95059362  6.52144971 15.77744264]
472.0;[21.49300666 10.33267366  6.52144971 17.58806101]
472.0;[21.90707935 10.95059362  6.52144971 17.58806101]
474.0;[21.49300666  9.29311954  6.52144971 17.58806101]
470.0;[21.90707935 11.05999851  6.52144971 17.58806101]
472.0;[21.49300666 10.95059362  6.52144971 17.58806101]
472.0;[21.90707935 10.95059362  6.52144971 17.58806101]
472.0;[21.90707935 10.95059362  6.52144971 17.58806101]
467.0;[22.8565859  10.33267366  6.52144971 17.58806101]
458.0;[23.38831639  9.35474616  6.52144971 17.58806101]
472.0;[21.90707935 10.33267366  6.52144971 17.58806101]
472.0;[21.90707935 10.33267366  6.52144971 17.58806101]
470.0;[21.90707935 11.18671102  6.52144971 17.58806101]
474.0;[21.90707935  9.35474616  6.52144971 17.58806101]
472.0;[21.49300666 10.95059362  6.52144971 17.58806101]
472.0;[21.49300666 10.95059362  6.52144971 17.58806101]
472.0;[21.90707935 10.95059362  6.52144971 17.58806101]
472.0;[21.90707935 10.95059362  6.52144971 17.58806101]
472.0;[21.90707935 10.33267366  6.52144971 17.58806101]
474.0;[21.90707935  9.35474616  6.52144971 17.58806101]
472.0;[21.90707935 10.33267366  6.52144971 17.58806101]
472.0;[21.90707935 10.95059362  6.52144971 17.58806101]
472.0;[21.90707935 10.33267366  6.52144971 17.58806101]
474.0;[21.90707935  9.35474616  6.52144971 17.58806101]
472.0;[21.90707935 10.95059362  6.52144971 17.58806101]
472.0;[21.49300666 10.95059362  6.52144971 17.58806101]
474.0;[21.49300666  9.29311954  6.52144971 17.58806101]
472.0;[21.90707935 10.95059362  6.52144971 17.58806101]
478.0;[21.90707935 10.33267366  8.07057928 17.58806101]
458.0;[19.63750881 10.95059362  6.52144971 17.58806101]
474.0;[21.90707935  9.35474616  6.52144971 17.58806101]
472.0;[21.49300666 10.33267366  6.52144971 17.58806101]
467.0;[22.85866271 10.95059362  6.52144971 17.58806101]
474.0;[21.90707935  9.35474616  6.52144971 17.58806101]
472.0;[21.90707935 10.95059362  6.52144971 17.58806101]
474.0;[21.49300666  9.29311954  6.52144971 17.58806101]
472.0;[21.49300666 10.95059362  6.52144971 17.58806101]
472.0;[21.90707935 10.33267366  6.52144971 17.58806101]
472.0;[21.90707935 10.95059362  6.52144971 17.58806101]
472.0;[21.49300666 10.95059362  6.52144971 17.58806101]
474.0;[21.90707935  9.35474616  6.52144971 17.58806101]
472.0;[21.90707935 10.33267366  6.52144971 17.58806101]
472.0;[21.49300666 10.95059362  6.52144971 17.58806101]
474.0;[21.90707935  9.29311954  6.52144971 17.58806101]
472.0;[21.82832079  9.35474616  6.52144971 16.85475245]
466.0;[20.22782865 10.33267366  6.52144971 17.58806101]
480.0;[22.20072343  9.29311954  8.07057928 17.58806101]
463.0;[21.90707935 10.95059362  5.22244062 17.58806101]
472.0;[21.49300666 10.95059362  6.52144971 17.58806101]
474.0;[21.90707935  9.92615766  6.52144971 17.58806101]
472.0;[21.90707935 10.95059362  6.09095578 17.58806101]
474.0;[21.90707935  9.35474616  6.52144971 17.58806101]
474.0;[21.90707935  9.35474616  6.52144971 17.58806101]
474.0;[21.90707935  9.35474616  6.52144971 17.58806101]
474.0;[21.49300666  9.29311954  6.52144971 17.58806101]
478.0;[21.90707935 10.33267366  8.07057928 17.58806101]
474.0;[21.49300666  9.29311954  6.52144971 17.58806101]
472.0;[21.49300666 10.95059362  6.52144971 17.58806101]
472.0;[21.90707935 10.95059362  6.52144971 17.58806101]
474.0;[21.90707935  9.35474616  6.52144971 17.58806101]
472.0;[21.90707935 10.95059362  6.52144971 17.58806101]
474.0;[21.90707935  9.35474616  6.52144971 17.58806101]
474.0;[21.90707935  9.35474616  6.52144971 17.58806101]
474.0;[21.90707935  9.29311954  6.52144971 17.58806101]
474.0;[21.90707935  9.35474616  6.52144971 17.58806101]
474.0;[21.90707935  9.29311954  6.52144971 17.58806101]
474.0;[21.49300666  9.35474616  6.52144971 17.58806101]
482.0;[21.49300666  9.29311954  8.07057928 17.58806101]
468.0;[22.20072343  9.29311954  6.52144971 17.58806101]
482.0;[21.90707935  9.35474616  8.07057928 17.58806101]
472.0;[21.90707935 10.33267366  6.52144971 17.58806101]
474.0;[21.90707935  9.92615766  6.52144971 17.58806101]
474.0;[21.90707935  9.35474616  6.52144971 17.58806101]
474.0;[21.90707935  9.35474616  6.52144971 17.58806101]
474.0;[21.90707935  9.29311954  6.52144971 17.58806101]
474.0;[21.49300666  9.29311954  6.52144971 17.58806101]
474.0;[21.90707935  9.35474616  6.52144971 17.58806101]
474.0;[21.49300666  9.29311954  6.52144971 17.58806101]
480.0;[22.20072343  9.29311954  8.07057928 17.58806101]
474.0;[21.90707935  9.35474616  6.52144971 17.58806101]
478.0;[21.90707935 10.33267366  8.07057928 17.58806101]
474.0;[21.90707935  9.35474616  6.52144971 17.58806101]
474.0;[21.90707935  9.92615766  6.52144971 17.58806101]
472.0;[21.90707935 10.30470469  6.52144971 17.58806101]
478.0;[21.90707935 10.33267366  8.07057928 17.58806101]
482.0;[21.90707935  9.29311954  8.07057928 17.58806101]
474.0;[21.49300666  9.29311954  6.52144971 17.58806101]
482.0;[21.90707935  9.29311954  8.07057928 17.58806101]
468.0;[22.20072343  9.29311954  6.52144971 17.94147844]
478.0;[21.90707935  9.35474616  6.52144971 19.56712006]
474.0;[21.49300666  9.35474616  6.52144971 17.58806101]
474.0;[21.90707935  9.92615766  6.52144971 17.58806101]
482.0;[21.90707935  9.35474616  8.07057928 17.58806101]
478.0;[21.90707935 10.33267366  8.07057928 17.58806101]
474.0;[21.90707935  9.35474616  6.52144971 17.58806101]
474.0;[21.90707935  9.29311954  6.52144971 17.58806101]
482.0;[21.49300666  9.29311954  8.07057928 17.58806101]
480.0;[22.20072343  9.29311954  8.07057928 17.58806101]
474.0;[21.90707935  9.29311954  6.52144971 17.58806101]
474.0;[21.90707935  9.35474616  6.52144971 17.58806101]
474.0;[21.49300666  9.35474616  6.52144971 17.58806101]
482.0;[21.90707935  9.35474616  8.07057928 17.58806101]
474.0;[21.90707935  9.92615766  6.52144971 17.58806101]
474.0;[21.49300666  9.29311954  6.52144971 17.58806101]
482.0;[21.49300666  9.29311954  8.07057928 17.58806101]
478.0;[21.90707935 10.33267366  8.07057928 17.58806101]
482.0;[21.90707935  9.29311954  8.07057928 17.58806101]
482.0;[21.90707935  9.35474616  8.07057928 17.58806101]
482.0;[21.90707935  9.35474616  8.07057928 17.58806101]
474.0;[21.90707935  9.35474616  6.52144971 17.58806101]
494.0;[21.90707935  9.29311954  8.07057928 20.81136528]
480.0;[22.20072343  9.29311954  8.07057928 17.58806101]
477.0;[21.90707935 10.33267366  7.39905278 17.58806101]
474.0;[21.49300666  9.29311954  6.52144971 17.58806101]
482.0;[21.49300666  9.29311954  8.07057928 17.58806101]
478.0;[21.90707935 10.33267366  8.07057928 17.58806101]
482.0;[21.90707935  9.29311954  8.07057928 17.58806101]
482.0;[21.90707935  9.35474616  8.07057928 17.58806101]
482.0;[21.90707935  9.35474616  8.07057928 17.58806101]
482.0;[21.90707935  9.29311954  8.07057928 17.58806101]
478.0;[21.90707935  9.35474616  6.52144971 19.56712006]
480.0;[22.20072343  9.29311954  8.07057928 17.58806101]
478.0;[21.90707935 10.33267366  8.07057928 17.58806101]
482.0;[21.90707935  9.29311954  8.07057928 17.58806101]
482.0;[21.90707935  9.29311954  8.07057928 17.58806101]
482.0;[21.90707935  9.35474616  8.07057928 17.58806101]
473.0;[20.8145632   9.29311954  8.07057928 17.58806101]
482.0;[21.90707935  9.29311954  8.07057928 17.58806101]
494.0;[21.76071633  9.35474616  8.07057928 20.81136528]
482.0;[21.90707935  9.35474616  8.07057928 17.58806101]
482.0;[21.90707935  9.35474616  8.07057928 17.58806101]
482.0;[21.49300666  9.29311954  8.07057928 17.58806101]
482.0;[21.90707935  9.29311954  8.07057928 17.58806101]
482.0;[21.90707935  9.29311954  8.07057928 17.58806101]
482.0;[21.90707935  9.29311954  8.07057928 17.58806101]
482.0;[21.49300666  9.29311954  8.07057928 17.58806101]
482.0;[21.90707935  9.35474616  8.07057928 17.58806101]
494.0;[21.90707935  9.29311954  8.07057928 20.81136528]
482.0;[21.90707935  9.35474616  8.07057928 17.58806101]
482.0;[21.90707935  9.35474616  8.07057928 17.58806101]
482.0;[21.90707935  9.35474616  8.07057928 17.58806101]
482.0;[21.49300666  9.29311954  8.07057928 17.58806101]
482.0;[21.90707935  9.29311954  8.07057928 17.58806101]
482.0;[21.90707935  9.35474616  8.07057928 17.58806101]
494.0;[21.76071633  9.29311954  8.07057928 20.81136528]
482.0;[21.90707935  9.29311954  8.07057928 17.58806101]
494.0;[21.90707935  9.29311954  8.07057928 20.81136528]
482.0;[21.90707935  9.29311954  8.07057928 17.58806101]
482.0;[21.90707935  9.35474616  8.07057928 17.58806101]
482.0;[21.90707935  9.29311954  8.07057928 17.58806101]
482.0;[21.49300666  9.35474616  8.07057928 17.58806101]
482.0;[21.90707935  9.35474616  8.07057928 17.58806101]
482.0;[21.90707935  9.29311954  8.07057928 17.58806101]
482.0;[21.90707935  9.29311954  8.07057928 17.58806101]
494.0;[21.76071633  9.35474616  8.07057928 20.81136528]
494.0;[21.90707935  9.29311954  8.07057928 20.81136528]
482.0;[21.90707935  9.29311954  8.07057928 17.58806101]
482.0;[21.90707935  9.29311954  8.07057928 17.58806101]
482.0;[21.90707935  9.35474616  8.07057928 17.58806101]
482.0;[21.90707935  9.35474616  8.07057928 17.58806101]
482.0;[21.49300666  9.29311954  8.07057928 17.58806101]
482.0;[21.90707935  9.35474616  8.07057928 17.58806101]
482.0;[21.90707935  9.29311954  8.07057928 17.58806101]
480.0;[21.62137071  9.35474616  7.14857475 17.58806101]
494.0;[21.90707935  9.35474616  8.07057928 20.81136528]
494.0;[21.90707935  9.29311954  8.07057928 20.81136528]
478.0;[21.51134656 10.3018154   8.07057928 17.58806101]
482.0;[21.90707935  9.29311954  8.07057928 17.58806101]
494.0;[21.90707935  9.29311954  8.07057928 20.81136528]
482.0;[21.76071633  9.35474616  8.07057928 17.58806101]
494.0;[21.49300666  9.29311954  8.07057928 20.81136528]
482.0;[21.90707935  9.29311954  8.07057928 17.58806101]
482.0;[21.90707935  9.35474616  8.07057928 17.58806101]
494.0;[21.76071633  9.35474616  8.07057928 20.81136528]
482.0;[21.90707935  9.35474616  8.07057928 17.58806101]
494.0;[21.90707935  9.29311954  8.07057928 20.81136528]
482.0;[21.90707935  9.29311954  8.07057928 17.58806101]
494.0;[21.90707935  9.29311954  8.07057928 20.81136528]
482.0;[21.90707935  9.29311954  8.07057928 17.58806101]
482.0;[21.49300666  9.35474616  8.07057928 17.58806101]
494.0;[21.76071633  9.29311954  8.07057928 20.81136528]
482.0;[21.90707935  9.35474616  8.07057928 17.58806101]
482.0;[21.90707935  9.29311954  8.07057928 17.58806101]
494.0;[21.90707935  9.29311954  8.07057928 20.81136528]
478.0;[21.76071633  9.29311954  6.49627509 20.81136528]
482.0;[21.90707935  9.29311954  8.07057928 17.58806101]
494.0;[21.90707935  9.29311954  8.07057928 20.81136528]
482.0;[21.49300666  9.29311954  8.07057928 17.58806101]
494.0;[21.76071633  9.35474616  8.07057928 20.81136528]
494.0;[21.90707935  9.35474616  8.07057928 20.81136528]
494.0;[21.90707935  9.29311954  8.07057928 20.81136528]
494.0;[21.76071633  9.35474616  8.07057928 20.81136528]
494.0;[21.90707935  9.29311954  8.07057928 20.81136528]
494.0;[21.90707935  9.29311954  8.07057928 20.81136528]
494.0;[21.76071633  9.29311954  8.07057928 20.81136528]
494.0;[21.90707935  9.29311954  8.07057928 20.81136528]
482.0;[21.90707935  9.29311954  8.07057928 17.58806101]
494.0;[21.49300666  9.29311954  8.07057928 20.81136528]
482.0;[21.76071633  9.35474616  8.07057928 17.58806101]
494.0;[21.90707935  9.35474616  8.07057928 20.81136528]
494.0;[21.90707935  9.29311954  8.07057928 20.81136528]
494.0;[21.76071633  9.35474616  8.07057928 20.81136528]
494.0;[21.90707935  9.29311954  8.07057928 20.81136528]
494.0;[21.90707935  9.29311954  8.85903941 20.81136528]
494.0;[21.90707935  9.29311954  8.07057928 20.81136528]
494.0;[21.90707935  9.29311954  8.07057928 20.81136528]
494.0;[21.76071633  9.29311954  8.07057928 20.81136528]
494.0;[21.90707935  9.35474616  8.07057928 20.81136528]
494.0;[21.90707935  9.29311954  8.07057928 20.81136528]
494.0;[21.76071633  9.35474616  8.07057928 20.81136528]
482.0;[20.94485744  9.35474616  9.08926375 20.81136528]
494.0;[21.90707935  9.29311954  8.07057928 20.81136528]
488.0;[21.90707935  9.29311954  9.08087448 20.81136528]
494.0;[21.90707935  9.29311954  8.07057928 20.81136528]
494.0;[21.90707935  9.29311954  8.07057928 20.81136528]
494.0;[21.90707935  9.29311954  8.07057928 20.81136528]
494.0;[21.76071633  9.29311954  8.07057928 20.81136528]
494.0;[21.90707935  9.35474616  8.07057928 20.81136528]
494.0;[21.90707935  9.29311954  8.07057928 20.81136528]
494.0;[21.76071633  9.35474616  8.07057928 20.81136528]
494.0;[21.76071633  9.35474616  8.07057928 20.81136528]
494.0;[21.90707935  9.29311954  8.07057928 20.81136528]
494.0;[21.90707935  9.29311954  8.07057928 20.81136528]
490.0;[21.90707935 10.41819741  8.07057928 20.81136528]
489.0;[21.76071633  9.35474616  7.73828757 20.81136528]
476.0;[21.90707935  9.29311954 10.05638722 19.7633818 ]
494.0;[21.90707935  9.29311954  8.85903941 20.81136528]
494.0;[21.90707935  9.29311954  8.07057928 20.81136528]
494.0;[21.76071633  9.29311954  8.07057928 20.81136528]
489.0;[22.95810026  9.29311954  8.07057928 20.81136528]
494.0;[21.90707935  9.35474616  8.07057928 20.81136528]
478.0;[21.90707935  9.29311954  6.07728296 20.81136528]
494.0;[21.90707935  9.29311954  8.07057928 20.81136528]
494.0;[21.76071633  9.35474616  8.07057928 20.81136528]
494.0;[21.90707935  9.29311954  8.07057928 20.81136528]
494.0;[21.90707935  9.29311954  8.07057928 20.81136528]
494.0;[21.90707935  9.29311954  8.85903941 20.81136528]
494.0;[21.76071633  9.29311954  8.07057928 20.81136528]
494.0;[21.90707935  9.29311954  8.07057928 20.81136528]
494.0;[21.90707935  9.35474616  8.07057928 20.81136528]
494.0;[21.90707935  9.29311954  8.07057928 20.81136528]
494.0;[21.90707935  9.29311954  8.07057928 20.81136528]
494.0;[21.90707935  9.29311954  8.07057928 20.81136528]
494.0;[21.90707935  9.35474616  8.07057928 20.81136528]
494.0;[21.76071633  9.35474616  8.07057928 20.81136528]
494.0;[21.90707935  9.29311954  8.07057928 20.81136528]
494.0;[21.90707935  9.29311954  8.92874274 20.81136528]
494.0;[21.90707935  9.29311954  8.85903941 20.81136528]
494.0;[21.76071633  9.29311954  8.07057928 20.81136528]
494.0;[21.76071633  9.29311954  8.07057928 20.81136528]
483.0;[22.78626835 11.04474958  8.85903941 20.81136528]
494.0;[21.90707935  9.29311954  8.07057928 20.81136528]
494.0;[21.90707935  9.29311954  8.07057928 20.81136528]
494.0;[21.76071633  9.35474616  8.07057928 20.81136528]
494.0;[21.90707935  9.35474616  8.07057928 20.81136528]
494.0;[21.90707935  9.29311954  8.07057928 20.81136528]
494.0;[21.90707935  9.29311954  8.07057928 20.81136528]
494.0;[21.76071633  9.29311954  8.07057928 20.81136528]
494.0;[21.90707935  9.29311954  8.85903941 20.81136528]
494.0;[21.76071633  9.29311954  8.07057928 20.81136528]
494.0;[21.90707935  9.29311954  8.85903941 20.81136528]
494.0;[21.90707935  9.29311954  8.07057928 20.81136528]
494.0;[21.90707935  9.29311954  8.07057928 20.81136528]
494.0;[21.90707935  9.29311954  8.07057928 20.81136528]
494.0;[21.90707935  9.29311954  8.92874274 20.81136528]
494.0;[21.76071633  9.86226413  8.07057928 20.81136528]
494.0;[21.90707935  9.29311954  8.85903941 20.81136528]
494.0;[21.90707935  9.29311954  8.07057928 20.81136528]
494.0;[21.90707935  9.35474616  8.07057928 20.81136528]
494.0;[21.1947392   9.35474616  8.07057928 20.81136528]
494.0;[21.76071633  9.29311954  8.07057928 20.81136528]
489.0;[21.76071633  7.94763558  8.07057928 20.81136528]
494.0;[21.76071633  9.29311954  8.07057928 20.81136528]
494.0;[21.90707935  9.29311954  8.07057928 20.81136528]
494.0;[21.90707935  9.29311954  8.92874274 20.81136528]
494.0;[21.90707935  9.29311954  8.85903941 20.81136528]
494.0;[21.76071633  9.35474616  8.07057928 20.81136528]
494.0;[21.90707935  9.29311954  8.07057928 20.81136528]
494.0;[21.90707935  9.35474616  8.07057928 20.81136528]
494.0;[21.90707935  9.29311954  8.07057928 20.81136528]
494.0;[21.76071633  9.35474616  8.07057928 20.81136528]
494.0;[21.76071633  9.29311954  8.07057928 20.81136528]
494.0;[21.76071633  9.29311954  8.07057928 20.81136528]
494.0;[21.1947392   9.35474616  8.07057928 20.81136528]
494.0;[21.76071633  9.29311954  8.07057928 20.81136528]
482.0;[21.90707935  9.29311954 10.69725577 20.81136528]
494.0;[21.90707935  9.29311954  8.07057928 20.81136528]
478.0;[21.90707935  9.35474616  6.42240111 21.88153448]
494.0;[21.76071633  9.29311954  8.07057928 20.22752806]
494.0;[21.76071633  9.29311954  8.07057928 20.81136528]
498.0;[21.90707935  8.64672919  8.07057928 20.81136528]
494.0;[21.90707935  9.29311954  8.07057928 20.81136528]
494.0;[21.90707935  9.29311954  8.85903941 20.81136528]
494.0;[21.76071633  9.29311954  8.07057928 20.81136528]
494.0;[21.1947392   9.35474616  8.07057928 20.81136528]
494.0;[21.90707935  9.29311954  8.92874274 20.81136528]
494.0;[21.90707935  9.29311954  8.07057928 20.81136528]
494.0;[21.76071633  9.29311954  8.07057928 20.81136528]
494.0;[21.90707935  9.35474616  8.07057928 20.81136528]
494.0;[21.90707935  9.29311954  8.07057928 20.81136528]
494.0;[21.76071633  9.86226413  8.07057928 20.81136528]
494.0;[21.90707935  9.29311954  8.85903941 20.81136528]
494.0;[21.90707935  9.29311954  8.07057928 20.81136528]
494.0;[21.76071633  9.29311954  8.07057928 20.81136528]
498.0;[21.90707935  8.64672919  8.07057928 20.81136528]
494.0;[21.1947392   9.35474616  8.07057928 20.81136528]
494.0;[21.76071633  9.29311954  8.07057928 20.30622582]
494.0;[21.90707935  9.29311954  8.85903941 20.81136528]
494.0;[21.76071633  9.29311954  8.07057928 20.22752806]
494.0;[21.76071633  9.29311954  8.07057928 20.81136528]
494.0;[21.90707935  9.29311954  8.07057928 20.81136528]
494.0;[21.1947392   9.35474616  8.07057928 20.81136528]
489.0;[21.90707935  9.29311954  7.8657816  20.81136528]
494.0;[21.76071633  9.29311954  8.07057928 20.81136528]
498.0;[21.90707935  8.64672919  8.07057928 20.81136528]
494.0;[21.76071633  9.29311954  8.07057928 20.81136528]
494.0;[21.1947392   9.35474616  8.07057928 20.81136528]
494.0;[21.90707935  9.29311954  8.85903941 20.81136528]
494.0;[21.76071633  9.29311954  8.07057928 20.22752806]
494.0;[21.76071633  9.29311954  8.07057928 20.81136528]
494.0;[21.90707935  9.29311954  8.07057928 20.81136528]
494.0;[21.90707935  9.29311954  8.07057928 20.81136528]
494.0;[21.1947392   9.35474616  8.07057928 20.81136528]
498.0;[21.1947392   8.49429655  8.07057928 20.22752806]
489.0;[21.76071633  9.29311954  7.45677449 20.81136528]
498.0;[21.90707935  8.64672919  8.07057928 20.81136528]
488.0;[21.1947392   9.35474616  9.55789555 20.81136528]
490.0;[21.76071633  9.29311954  8.07057928 19.16220183]
494.0;[21.90707935  9.29311954  8.07057928 20.81136528]
486.0;[21.76071633  9.29311954  8.07057928 18.90657091]
498.0;[21.90707935  8.64672919  8.07057928 20.30622582]
480.0;[21.90707935  9.29311954  7.75447544 22.08078633]
494.0;[21.44178731  9.29311954  8.07057928 20.81136528]
494.0;[21.76071633  9.29311954  8.07057928 20.22752806]
494.0;[21.1947392   9.35474616  8.07057928 20.81136528]
494.0;[21.1947392   9.35474616  8.07057928 20.81136528]
498.0;[21.90707935  8.64672919  8.07057928 20.81136528]
494.0;[21.90707935  9.29311954  8.07057928 20.81136528]
494.0;[21.76071633  9.29311954  8.07057928 20.81136528]
494.0;[21.76071633  9.29311954  8.07057928 20.30622582]
498.0;[21.90707935  8.64672919  8.07057928 20.81136528]
494.0;[21.90707935  9.29311954  8.85903941 20.81136528]
494.0;[21.76071633  9.29311954  8.07057928 20.81136528]
489.0;[21.90707935  7.25778937  8.07057928 20.81136528]
498.0;[21.90707935  8.64672919  8.07057928 20.30622582]
498.0;[21.1947392   8.49429655  8.07057928 20.81136528]
494.0;[21.1947392   9.35474616  8.07057928 20.22752806]
498.0;[21.90707935  8.64672919  8.07057928 20.81136528]
494.0;[21.1947392   9.35474616  8.07057928 20.81136528]
494.0;[21.44178731  9.29311954  8.07057928 20.81136528]
498.0;[21.90707935  8.64672919  8.07057928 20.32590063]
489.0;[21.90707935  7.39696067  8.07057928 20.81136528]
494.0;[21.76071633  9.29311954  8.07057928 20.22752806]
498.0;[21.90707935  8.64672919  8.07057928 20.81136528]
498.0;[21.90707935  8.64672919  8.07057928 20.30622582]
498.0;[21.1947392   8.49429655  8.07057928 20.22752806]
494.0;[21.1947392   9.35474616  8.07057928 20.81136528]
498.0;[21.90707935  8.64672919  8.07057928 20.81136528]
494.0;[21.1947392   9.35474616  8.07057928 20.81136528]
498.0;[21.90707935  8.64672919  8.07057928 20.81136528]
494.0;[21.44178731  9.29311954  8.07057928 20.81136528]
494.0;[21.76071633  9.29311954  8.07057928 20.22752806]
494.0;[21.90707935  9.29311954  8.07057928 20.81136528]
498.0;[21.90707935  8.64672919  8.07057928 20.30622582]
498.0;[21.90707935  8.64672919  8.07057928 20.32590063]
498.0;[21.90707935  8.64672919  8.1458274  20.81136528]
498.0;[21.90707935  8.64672919  8.07057928 20.30622582]
498.0;[21.90707935  8.48216175  8.07057928 20.81136528]
498.0;[21.1947392   8.49429655  8.786978   20.22752806]
498.0;[21.90707935  8.64672919  8.07057928 20.22752806]
494.0;[21.1947392   9.35474616  8.07057928 20.81136528]
493.0;[20.86305795  8.64672919  8.07057928 20.81136528]
490.0;[21.90707935 10.35837514  8.07057928 20.81136528]
498.0;[21.90707935  8.64672919  8.07057928 20.30622582]
498.0;[21.90707935  8.64672919  8.07057928 20.32590063]
498.0;[21.90707935  8.64672919  8.07057928 20.30622582]
498.0;[21.90707935  8.64672919  8.07057928 20.81136528]
498.0;[21.90707935  8.64672919  8.07057928 20.81136528]
498.0;[21.1947392   8.49429655  8.07057928 20.22752806]
498.0;[21.90707935  8.64672919  8.07057928 20.81136528]
494.0;[21.1947392   9.35474616  8.07057928 20.22752806]
498.0;[21.1947392   8.49429655  8.07057928 20.81136528]
498.0;[21.90707935  8.64672919  8.07057928 20.81136528]
498.0;[21.90707935  8.64672919  8.31762201 20.30622582]
498.0;[21.90707935  8.64672919  8.07057928 20.32590063]
498.0;[21.90707935  8.64672919  8.07057928 20.22752806]
498.0;[21.90707935  8.64672919  8.07057928 20.32590063]
498.0;[21.90707935  8.64672919  8.07057928 20.30622582]
478.0;[23.47755662  8.64672919  8.07057928 20.30622582]
498.0;[21.90707935  8.49429655  8.786978   20.22752806]
489.0;[21.1947392   7.69932359  8.1458274  20.81136528]
498.0;[21.90707935  8.64672919  8.07057928 20.30622582]
498.0;[21.90707935  8.48216175  8.07057928 20.81136528]
498.0;[21.90707935  8.64672919  8.07057928 20.30622582]
498.0;[21.90707935  8.64672919  8.07057928 20.32590063]
498.0;[21.90707935  8.64672919  8.07057928 20.32590063]
498.0;[21.90707935  8.64672919  8.07057928 20.22752806]
498.0;[21.90707935  8.64672919  8.07057928 20.30622582]
498.0;[21.90707935  8.64672919  8.07057928 20.30622582]
498.0;[21.1947392   8.49429655  8.786978   20.22752806]
498.0;[21.90707935  8.64672919  8.1458274  20.81136528]
498.0;[21.90707935  8.64672919  8.07057928 20.30622582]
498.0;[21.90707935  8.48216175  8.07057928 20.81136528]
498.0;[21.90707935  8.64672919  8.07057928 20.32590063]
490.0;[21.90707935 10.54710195  8.07057928 20.32590063]
498.0;[21.90707935  8.48216175  8.07057928 20.32590063]
498.0;[21.90707935  8.64672919  8.07057928 20.81136528]
498.0;[21.90707935  8.64672919  8.07057928 20.30622582]
498.0;[21.90707935  8.64672919  8.42369529 20.30622582]
498.0;[21.90707935  8.64672919  8.07057928 20.30622582]
478.0;[21.81711607  8.64672919  6.12698569 20.30622582]
498.0;[21.90707935  8.49429655  8.07057928 20.22752806]
498.0;[21.90707935  8.64672919  8.26063888 20.22752806]
498.0;[21.90707935  8.64672919  8.07057928 20.32590063]
498.0;[21.90707935  8.64672919  8.07057928 20.32590063]
498.0;[21.90707935  8.48216175  8.07057928 20.81136528]
498.0;[21.90707935  8.64672919  8.07057928 20.32590063]
498.0;[21.90707935  8.64672919  8.31762201 20.30622582]
498.0;[21.90707935  8.64672919  8.07057928 20.30622582]
498.0;[21.90707935  8.64672919  8.07057928 20.30622582]
498.0;[21.90707935  8.64672919  8.07057928 20.30622582]
498.0;[21.90707935  8.49429655  8.786978   20.22752806]
498.0;[21.90707935  8.64672919  8.07057928 20.22752806]
498.0;[21.90707935  8.84643647  8.07057928 20.32590063]
498.0;[21.90707935  8.64672919  8.07057928 20.30622582]
498.0;[21.90707935  8.48216175  8.07057928 20.32590063]
498.0;[21.90707935  8.64672919  8.07057928 20.32590063]
498.0;[21.90707935  8.64672919  8.42369529 20.30622582]
498.0;[21.90707935  8.64672919  8.26063888 21.77658604]
498.0;[21.90707935  8.64672919  8.07057928 20.81136528]
498.0;[21.90707935  8.49429655  8.07057928 21.27473403]
498.0;[21.90707935  8.64672919  8.07057928 20.30622582]
498.0;[21.90707935  8.64672919  8.07057928 20.32590063]
498.0;[21.90707935  8.64672919  8.07057928 20.32590063]
498.0;[21.90707935  8.64672919  8.07057928 20.30622582]
498.0;[21.90707935  8.48216175  8.07057928 20.32590063]
498.0;[21.90707935  8.64672919  8.07057928 20.32590063]
498.0;[21.90707935  8.64672919  8.26063888 20.22752806]
498.0;[21.90707935  8.64672919  8.42369529 20.30622582]
498.0;[21.90707935  8.49429655  8.07057928 20.22752806]
498.0;[21.90707935  8.64672919  8.07057928 20.81136528]
498.0;[21.90707935  8.64672919  8.07057928 20.32590063]
498.0;[21.90707935  8.64672919  8.07057928 20.30622582]
489.0;[22.66876199  8.64672919  8.07057928 21.61599709]
498.0;[21.90707935  8.84643647  8.07057928 20.32590063]
498.0;[21.90707935  8.64672919  8.07057928 20.30622582]
498.0;[21.90707935  8.64672919  8.07057928 20.32590063]
498.0;[21.75615233  8.64672919  8.26063888 21.77658604]
498.0;[21.90707935  8.64672919  8.42369529 20.30622582]
498.0;[21.90707935  8.64672919  8.07057928 20.32590063]
498.0;[21.90707935  8.48216175  8.07057928 20.81136528]
498.0;[21.90707935  8.64672919  8.07057928 21.27473403]
498.0;[21.90707935  8.49429655  8.07057928 20.30622582]
498.0;[21.90707935  8.64672919  8.07057928 20.32590063]
498.0;[21.90707935  8.84643647  8.07057928 20.32590063]
498.0;[21.90707935  8.64672919  8.07057928 20.30622582]
498.0;[21.90707935  8.64672919  8.07057928 20.32590063]
498.0;[21.90707935  8.64672919  8.26063888 21.77658604]
498.0;[21.90707935  8.64672919  8.42369529 20.30622582]
498.0;[21.90707935  8.48216175  8.07057928 20.32590063]
498.0;[21.90707935  8.64672919  8.07057928 20.81136528]
498.0;[21.90707935  8.49429655  8.07057928 21.27473403]
498.0;[21.90707935  8.64672919  8.07057928 20.30622582]
498.0;[21.90707935  8.64672919  8.42369529 21.27473403]
498.0;[21.13039456  8.64672919  8.07057928 20.30622582]
498.0;[21.90707935  8.64672919  8.07057928 20.32590063]
498.0;[21.3505438   8.64672919  8.07057928 20.30622582]
490.0;[21.90707935  8.64672919  8.07057928 18.82877293]
498.0;[21.90707935  8.84643647  8.07057928 20.32590063]
498.0;[21.90707935  8.64672919  8.26063888 21.77658604]
498.0;[21.75615233  8.64672919  8.07057928 20.32590063]
498.0;[21.90707935  8.49429655  8.07057928 20.81136528]
498.0;[21.90707935  8.48216175  8.07057928 20.30622582]
498.0;[21.90707935  8.64672919  8.07057928 21.27473403]
498.0;[21.90707935  8.64672919  8.42369529 20.30622582]
498.0;[21.90707935  8.64672919  8.07057928 20.30622582]
498.0;[21.90707935  8.64672919  8.07057928 20.32590063]
498.0;[21.90707935  8.84643647  8.07057928 20.32590063]
498.0;[21.90707935  8.64672919  8.07057928 20.32590063]
498.0;[21.90707935  8.64672919  8.07057928 20.32590063]
498.0;[21.75615233  8.64672919  8.26063888 21.77658604]
498.0;[21.90707935  8.48216175  8.07057928 20.81136528]
498.0;[21.90707935  8.49429655  8.07057928 20.30622582]
498.0;[21.90707935  8.64672919  8.42369529 20.22374946]
498.0;[21.90707935  8.64672919  8.26063888 21.77658604]
498.0;[21.13039456  8.64672919  8.07057928 20.30622582]
498.0;[21.90707935  8.64672919  8.07057928 20.32590063]
478.0;[21.90707935  6.8122586   8.07057928 20.32590063]
494.0;[21.75615233  9.94348164  8.07057928 20.81136528]
498.0;[21.90707935  8.64672919  8.07057928 20.04036782]
498.0;[21.90707935  8.84643647  8.07057928 20.32590063]
498.0;[21.90707935  8.48216175  8.07057928 20.30622582]
478.0;[20.61914912  6.97163849  8.07057928 20.30622582]
498.0;[21.90707935  8.64672919  8.26063888 21.77658604]
498.0;[21.90707935  8.64672919  8.42369529 21.27473403]
498.0;[21.90707935  8.64672919  8.07057928 20.32590063]
498.0;[21.13039456  8.64672919  8.07057928 20.30622582]
498.0;[21.90707935  8.49429655  8.07057928 20.81136528]
498.0;[21.75615233  8.64672919  8.07057928 20.32590063]
498.0;[21.90707935  8.64672919  8.07057928 21.27473403]
498.0;[21.90707935  8.84643647  8.07057928 20.32590063]
498.0;[21.90707935  8.48216175  8.07057928 20.30622582]
498.0;[21.3505438   8.64672919  8.07057928 20.30622582]
494.0;[21.90707935  8.64672919  8.95448458 19.50559498]
498.0;[21.90707935  8.64672919  8.07057928 20.22374946]
498.0;[21.90707935  8.64672919  8.07057928 20.30622582]
498.0;[21.90707935  8.48216175  8.07057928 20.32590063]
498.0;[21.90707935  8.64672919  8.07057928 20.32590063]
498.0;[21.90707935  8.64672919  8.42369529 21.27473403]
498.0;[21.90707935  8.84643647  8.07057928 20.32590063]
498.0;[21.90707935  8.64672919  8.26063888 21.77658604]
498.0;[21.90707935  8.64672919  8.26063888 20.30622582]
498.0;[21.13039456  8.64672919  8.07057928 21.77658604]
498.0;[21.90707935  8.64672919  8.42369529 20.22374946]
498.0;[21.90707935  8.64672919  8.07057928 20.04036782]
498.0;[21.90707935  8.64672919  8.07057928 20.32590063]
498.0;[21.90707935  8.48216175  8.07057928 20.30622582]
498.0;[21.90707935  8.64672919  8.07057928 20.32590063]
498.0;[21.90707935  8.64672919  8.42369529 21.27473403]
498.0;[21.90707935  8.84643647  8.07057928 20.32590063]
498.0;[21.90707935  8.64672919  8.26063888 21.77658604]
498.0;[21.90707935  8.64672919  8.26063888 21.77658604]
498.0;[21.13039456  8.64672919  8.07057928 20.30622582]
498.0;[21.90707935  8.64672919  8.07057928 20.32590063]
498.0;[21.13039456  8.84643647  8.07057928 21.66316566]
498.0;[21.90707935  8.64672919  8.42369529 20.22374946]
490.0;[21.90707935 10.28189625  8.07057928 20.32590063]
498.0;[21.90707935  8.64672919  8.07057928 20.30622582]
498.0;[21.90707935  8.64672919  8.07057928 20.22374946]
498.0;[21.90707935  8.48216175  8.26063888 20.30622582]
498.0;[21.90707935  8.64672919  8.07057928 20.32590063]
498.0;[21.90707935  8.64672919  8.42369529 21.27473403]
498.0;[21.90707935  8.64672919  8.26063888 21.77658604]
498.0;[21.13039456  8.64672919  8.07057928 21.77658604]
498.0;[21.90707935  8.84643647  8.07057928 20.32590063]
498.0;[21.90707935  8.64672919  8.42369529 20.22374946]
498.0;[21.90707935  8.64672919  8.07057928 20.32590063]
498.0;[21.90707935  8.64672919  8.07057928 20.22374946]
498.0;[21.90707935  8.64672919  8.07057928 20.30622582]
498.0;[21.90707935  8.48216175  8.07057928 20.32590063]
498.0;[21.90707935  8.64672919  8.26063888 20.30622582]
498.0;[21.90707935  8.64672919  8.42369529 21.27473403]
498.0;[21.90707935  8.64672919  8.26063888 21.77658604]
498.0;[21.13039456  8.64672919  8.07057928 20.22374946]
498.0;[21.90707935  8.64672919  8.07057928 21.77658604]
498.0;[21.90707935  8.64672919  8.42369529 20.22374946]
478.0;[23.36766055  8.64672919  8.07057928 20.32590063]
498.0;[21.90707935  8.64672919  8.26063888 20.49818577]
498.0;[21.90707935  8.48216175  8.07057928 20.30622582]
498.0;[21.90707935  8.64672919  8.26063888 21.77658604]
498.0;[21.90707935  8.64672919  8.42369529 21.27473403]
498.0;[21.13039456  8.64672919  8.07057928 20.30622582]
498.0;[21.90707935  8.84643647  8.07057928 21.66316566]
498.0;[21.13039456  8.64672919  8.07057928 21.77658604]
498.0;[21.90707935  8.64672919  8.07057928 20.22374946]
498.0;[21.90707935  8.64672919  8.42369529 20.22374946]
498.0;[21.90707935  8.64672919  8.07057928 20.32590063]
498.0;[21.90707935  8.48216175  8.26063888 20.30622582]
498.0;[21.90707935  8.64672919  8.07057928 20.32590063]
498.0;[21.90707935  8.64672919  8.26063888 21.77658604]
498.0;[21.90707935  8.64672919  8.42369529 21.27473403]
498.0;[21.13039456  8.84643647  8.07057928 21.66316566]
498.0;[21.90707935  8.64672919  8.07057928 20.30622582]
494.0;[19.23344324  8.64672919  8.07057928 21.77658604]
489.0;[21.13039456  8.64672919  8.07057928 22.06985305]
498.0;[21.13039456  8.64672919  8.07057928 20.30622582]
498.0;[21.90707935  8.48216175  8.07057928 20.22374946]
458.0;[21.90707935  6.7642123   6.77203035 21.27473403]
493.0;[21.90707935  8.64672919  9.69472293 20.49818577]
498.0;[21.90707935  8.64672919  8.07057928 21.77658604]
494.0;[21.90707935 10.30615713  8.26063888 21.77658604]
498.0;[21.90707935  8.84643647  8.42369529 21.66316566]
498.0;[21.90707935  8.64672919  8.07057928 20.22374946]
498.0;[21.13039456  8.64672919  8.07057928 20.30622582]
498.0;[21.13039456  8.64672919  8.07057928 21.77658604]
498.0;[21.90707935  8.48216175  8.07057928 20.30622582]
498.0;[21.13039456  8.64672919  8.07057928 20.22374946]
498.0;[21.90707935  8.64672919  8.42369529 21.27473403]
498.0;[21.90707935  8.64672919  8.26063888 20.49818577]
498.0;[21.90707935  8.64672919  8.26063888 21.77658604]
498.0;[21.90707935  8.64672919  8.07057928 21.77658604]
498.0;[21.90707935  8.84643647  8.07057928 21.66316566]
498.0;[21.90707935  8.64672919  8.42369529 20.22374946]
489.0;[22.49359094  8.64672919  8.07057928 20.30622582]
498.0;[21.90707935  8.48216175  8.07057928 21.77658604]
498.0;[21.90707935  8.64672919  8.07057928 20.22374946]
494.0;[21.90707935  8.48216175  8.42369529 19.51360813]
498.0;[21.90707935  8.84643647  8.07057928 21.66316566]
490.0;[21.13039456 10.64487307  8.42369529 20.30622582]
498.0;[21.13039456  8.64672919  8.07057928 20.22374946]
498.0;[21.90707935  8.64672919  8.07057928 20.22374946]
489.0;[22.08906731  8.60321157  8.07057928 21.77658604]
498.0;[21.90707935  8.64672919  8.07057928 20.30622582]
498.0;[21.13039456  8.64672919  8.07057928 21.77658604]
498.0;[21.90707935  8.48216175  8.07057928 20.30622582]
498.0;[21.90707935  8.64672919  8.42369529 21.27473403]
498.0;[21.90707935  8.48216175  8.07057928 20.22374946]
498.0;[21.13039456  8.64672919  8.07057928 20.30622582]
498.0;[21.90707935  8.84643647  8.42369529 21.66316566]
498.0;[21.13039456  8.64672919  8.07057928 20.22374946]
498.0;[21.90707935  8.64672919  8.07057928 20.22374946]
498.0;[21.90707935  8.64672919  8.07057928 21.77658604]
498.0;[21.13039456  8.64672919  8.07057928 20.30622582]
489.0;[21.90707935  7.05733809  8.07057928 21.27473403]
498.0;[21.90707935  8.48216175  8.42369529 20.30622582]
498.0;[21.90707935  8.64672919  8.07057928 20.22374946]
498.0;[21.13039456  8.64672919  8.07057928 21.77658604]
498.0;[21.90707935  8.64672919  8.07057928 20.22374946]
489.0;[22.85308179  8.64672919  8.07057928 20.22374946]
498.0;[21.90707935  8.84643647  8.07057928 20.22374946]
498.0;[21.90707935  8.48216175  8.07057928 21.66316566]
498.0;[21.90707935  8.48216175  8.07057928 21.77658604]
498.0;[21.90707935  8.64672919  8.07057928 20.30622582]
498.0;[21.90707935  8.64672919  8.42369529 21.27473403]
498.0;[21.90707935  8.48216175  8.07057928 20.30622582]
498.0;[21.13039456  8.64672919  8.07057928 21.77658604]
498.0;[21.90707935  8.64672919  8.07057928 20.22374946]
498.0;[21.90707935  8.64672919  8.07057928 20.22374946]
498.0;[21.13039456  8.64672919  8.07057928 20.22374946]
498.0;[21.90707935  8.48216175  8.07057928 20.22374946]
498.0;[21.90707935  8.84643647  8.07057928 21.66316566]
498.0;[21.90707935  8.64672919  8.07057928 20.30622582]
498.0;[21.90707935  8.48216175  8.07057928 21.77658604]
498.0;[21.90707935  8.64672919  8.42369529 21.27473403]
498.0;[21.84087572  8.64672919  8.07057928 20.22374946]
498.0;[21.90707935  8.48216175  8.42369529 20.30622582]
478.0;[23.5703081   8.64672919  8.07057928 20.22374946]
489.0;[21.90707935  8.48216175  7.47878389 20.22374946]
498.0;[21.90707935  8.84643647  8.07057928 21.77658604]
498.0;[21.90707935  8.64672919  8.07057928 21.77658604]
498.0;[21.13039456  8.64672919  8.07057928 20.30622582]
489.0;[21.90707935  7.6380333   8.07057928 20.30622582]
498.0;[21.90707935  8.48216175  8.07057928 21.66316566]
498.0;[21.90707935  8.64672919  8.42369529 21.27473403]
498.0;[21.90707935  8.64672919  8.07057928 20.22374946]
498.0;[21.90707935  8.48216175  8.42369529 20.30622582]
498.0;[21.90707935  8.64672919  8.07057928 20.22374946]
498.0;[21.90707935  8.48216175  8.07057928 21.77658604]
498.0;[21.90707935  8.84643647  8.07057928 20.22374946]
498.0;[21.90707935  8.64672919  8.07057928 20.30622582]
498.0;[21.13039456  8.64672919  8.07057928 21.77658604]
498.0;[21.90707935  8.48216175  8.07057928 20.30622582]
498.0;[21.90707935  8.48216175  8.07057928 21.66316566]
489.0;[21.90707935  8.64672919  7.72783346 21.66316566]
498.0;[21.90707935  8.48216175  8.07057928 21.77658604]
478.0;[23.32692344  8.64672919  8.42369529 20.30622582]
498.0;[21.90707935  8.48216175  8.07057928 20.22374946]
498.0;[21.90707935  8.64672919  8.42369529 21.77658604]
498.0;[21.90707935  8.84643647  8.07057928 21.27473403]
498.0;[21.90707935  8.64672919  8.42369529 21.27473403]
478.0;[23.12739761  8.64672919  8.07057928 20.22374946]
489.0;[21.13039456  8.48216175  8.07057928 22.26248715]
489.0;[21.90707935  7.24630424  8.42369529 20.30622582]
498.0;[21.90707935  8.64672919  8.07057928 21.77658604]
498.0;[21.90707935  8.48216175  8.07057928 21.66316566]
498.0;[21.90707935  8.48216175  8.42369529 20.30622582]
498.0;[21.90707935  8.64672919  8.07057928 20.22374946]
498.0;[21.90707935  8.84643647  8.07057928 21.77658604]
498.0;[21.90707935  8.64672919  8.42369529 21.27473403]
498.0;[21.84087572  8.64672919  8.07057928 20.22374946]
498.0;[21.90707935  8.64672919  8.42369529 21.27473403]
498.0;[21.90707935  8.48216175  8.42369529 20.30622582]
498.0;[21.13039456  8.64672919  8.07057928 20.30622582]
498.0;[21.90707935  8.84643647  8.07057928 21.77658604]
498.0;[21.90707935  8.48216175  8.07057928 21.27473403]
498.0;[21.90707935  8.64672919  8.07057928 21.66316566]
498.0;[21.90707935  8.48216175  8.07057928 20.22374946]
498.0;[21.90707935  8.84643647  8.07057928 21.77658604]
498.0;[21.90707935  8.64672919  8.07057928 21.77658604]
498.0;[21.90707935  8.64672919  8.42369529 20.30622582]
489.0;[21.90707935  8.48216175  7.9888755  21.77658604]
498.0;[21.90707935  8.48216175  8.42369529 20.22374946]
498.0;[21.90707935  8.64672919  8.07057928 21.27473403]
498.0;[21.90707935  8.84643647  8.07057928 21.27473403]
498.0;[21.90707935  8.48216175  8.07057928 21.77658604]
498.0;[21.90707935  8.48216175  8.07057928 21.66316566]
498.0;[21.90707935  8.64672919  8.07057928 20.22374946]
498.0;[21.90707935  8.64672919  8.07057928 21.77658604]
498.0;[21.90707935  8.84643647  8.07057928 21.77658604]
498.0;[21.90707935  8.64672919  8.42369529 21.77658604]
498.0;[21.90707935  8.48216175  8.42369529 20.30622582]
498.0;[21.90707935  8.48216175  8.07057928 20.22374946]
498.0;[21.90707935  8.64672919  8.42369529 21.27473403]
498.0;[21.90707935  8.48216175  8.07057928 20.39969064]
489.0;[21.90707935  8.48216175  7.79295369 20.22374946]
498.0;[21.90707935  8.48216175  8.42369529 20.30622582]
498.0;[21.90707935  8.64672919  8.07057928 21.27473403]
489.0;[22.73131284  8.64672919  8.07057928 21.27473403]
498.0;[21.90707935  8.64672919  8.07057928 21.77658604]
498.0;[21.90707935  8.84643647  8.07057928 21.77658604]
498.0;[21.90707935  8.84643647  8.07057928 21.27473403]
498.0;[21.90707935  8.84643647  8.07057928 21.66316566]
498.0;[21.1085442   8.64672919  8.07057928 21.77658604]
498.0;[21.90707935  8.48216175  8.42369529 20.22374946]
498.0;[21.90707935  8.48216175  8.07057928 20.22374946]
498.0;[21.90707935  8.64672919  8.42369529 20.30622582]
498.0;[21.90707935  8.48216175  8.07057928 21.27473403]
498.0;[21.90707935  8.64672919  8.07057928 21.77658604]
498.0;[21.90707935  8.64672919  8.07057928 21.27473403]
498.0;[21.90707935  8.84643647  8.07057928 21.27473403]
498.0;[21.90707935  8.84643647  8.07057928 21.77658604]
498.0;[21.90707935  8.64672919  8.07057928 21.66316566]
498.0;[21.90707935  8.84643647  8.07057928 21.77658604]
498.0;[21.90707935  8.64672919  8.42369529 20.22374946]
498.0;[21.1085442   8.48216175  8.07057928 21.77658604]
498.0;[21.90707935  8.64672919  8.07057928 21.27473403]
478.0;[21.90707935  6.94835473  8.07057928 21.77658604]
489.0;[22.84080129  8.48216175  8.07057928 20.22374946]
498.0;[21.90707935  8.84643647  8.07057928 21.66316566]
489.0;[20.51569396  8.48216175  7.57013859 21.77658604]
490.0;[21.90707935 10.5307408   8.07057928 20.39969064]
498.0;[21.90707935  8.48216175  8.42369529 21.27473403]
498.0;[21.90707935  8.84643647  8.07057928 20.30622582]
498.0;[21.90707935  8.48216175  8.42369529 20.22374946]
498.0;[21.1085442   8.64672919  8.07057928 21.77658604]
498.0;[21.90707935  8.64672919  8.07057928 21.27473403]
498.0;[21.90707935  8.64672919  8.07057928 21.77658604]
498.0;[21.90707935  8.84643647  8.07057928 21.66316566]
498.0;[21.90707935  8.48216175  8.07057928 20.22374946]
498.0;[21.90707935  8.84643647  8.07057928 21.77658604]
498.0;[21.90707935  8.48216175  8.07057928 20.39969064]
498.0;[21.90707935  8.48216175  8.42369529 20.30622582]
498.0;[21.90707935  8.84643647  8.07057928 21.27473403]
498.0;[21.90707935  8.84643647  8.07057928 21.66316566]
498.0;[21.90707935  8.64672919  8.07057928 21.27473403]
498.0;[21.90707935  8.64672919  8.07057928 21.77658604]
489.0;[21.90707935  8.64672919  7.52014112 21.27473403]
498.0;[21.90707935  8.84643647  8.07057928 20.30622582]
469.0;[22.16172606  8.48216175  6.60892476 21.77658604]
498.0;[21.90707935  8.64672919  8.42369529 21.77658604]
498.0;[21.1085442   8.64672919  8.07057928 20.22374946]
498.0;[21.90707935  8.48216175  8.42369529 20.22374946]
498.0;[21.90707935  8.48216175  8.42369529 21.27473403]
498.0;[21.90707935  8.84643647  8.07057928 21.66316566]
498.0;[21.90707935  8.64672919  8.07057928 21.27473403]
498.0;[21.90707935  8.64672919  8.07057928 21.77658604]
498.0;[21.90707935  8.64672919  8.07057928 21.27473403]
498.0;[21.90707935  8.84643647  8.07057928 20.30622582]
498.0;[21.1085442   8.48216175  8.07057928 21.77658604]
498.0;[21.90707935  8.64672919  8.42369529 20.22374946]
498.0;[21.1085442   8.64672919  8.07057928 21.77658604]
498.0;[21.90707935  8.48216175  8.42369529 20.22374946]
498.0;[21.90707935  8.48216175  8.42369529 21.27473403]
498.0;[21.90707935  8.64672919  8.07057928 21.27473403]
498.0;[21.90707935  8.45585821  8.42369529 21.77658604]
498.0;[21.1085442   8.48216175  8.42369529 20.22374946]
489.0;[22.31889438  8.64672919  8.07057928 20.22374946]
478.0;[23.70900238  8.48216175  8.42369529 21.77658604]
478.0;[23.65970501  8.64672919  8.07057928 21.27473403]
478.0;[23.04917506  8.84643647  8.07057928 20.30622582]
498.0;[21.90707935  8.84643647  8.07057928 20.0702466 ]
489.0;[21.90707935  8.64672919  7.03036038 21.27473403]
494.0;[21.90707935 10.43439005  8.07057928 21.66316566]
498.0;[21.90707935  8.64672919  8.07057928 21.27473403]
498.0;[21.90707935  8.64672919  8.42369529 21.77658604]
498.0;[21.90707935  8.48216175  8.42369529 20.22374946]
498.0;[21.1085442   8.64672919  8.07057928 20.22374946]
498.0;[21.90707935  8.64672919  8.07057928 21.77658604]
498.0;[21.90707935  8.48216175  8.42369529 21.27473403]
498.0;[21.90707935  8.84643647  8.07057928 21.66316566]
498.0;[21.90707935  8.84643647  8.07057928 20.30622582]
498.0;[21.90707935  8.64672919  8.07057928 21.27473403]
498.0;[21.90707935  8.84643647  8.07057928 21.66316566]
498.0;[21.90707935  8.64672919  8.07057928 21.27473403]
498.0;[21.1085442   8.48216175  8.42369529 20.22374946]
498.0;[21.1085442   8.64672919  8.07057928 20.22374946]
498.0;[21.90707935  9.43161522  8.07057928 21.27473403]
498.0;[21.90707935  8.64672919  8.07057928 21.77658604]
498.0;[21.90707935  8.48216175  8.42369529 20.22374946]
498.0;[21.90707935  8.64672919  8.42369529 21.77658604]
478.0;[21.90707935  6.71965271  8.42369529 21.77658604]
494.0;[21.90707935 10.1404414   8.42369529 21.27473403]
489.0;[21.90707935  7.36442266  8.07057928 20.0702466 ]
498.0;[21.90707935  8.64672919  8.07057928 21.27473403]
498.0;[21.1085442   8.48216175  8.42369529 20.22374946]
498.0;[21.1085442   8.64672919  8.07057928 20.22374946]
498.0;[21.90707935  8.64672919  8.07057928 21.27473403]
498.0;[21.90707935  8.48216175  8.42369529 20.22374946]
498.0;[21.90707935  8.64672919  8.07057928 21.77658604]
498.0;[21.90707935  8.45585821  8.42369529 21.77658604]
498.0;[21.90707935  8.64672919  8.42369529 21.77658604]
498.0;[21.90707935  8.84643647  8.07057928 20.0702466 ]
498.0;[21.90707935  8.48216175  8.42369529 21.27473403]
498.0;[21.90707935  8.48216175  8.07057928 21.77658604]
498.0;[21.90707935  8.64672919  8.42369529 20.22374946]
498.0;[21.49030568  8.64672919  8.07057928 20.22374946]
498.0;[21.90707935  9.43161522  8.07057928 21.27473403]
489.0;[21.90707935  7.91916641  8.42369529 21.27473403]
498.0;[21.1085442   8.64672919  8.07057928 20.22374946]
498.0;[21.90707935  8.64672919  8.07057928 21.77658604]
498.0;[21.90707935  8.64672919  8.42369529 21.27473403]
488.0;[21.1085442   8.48216175 10.00015274 20.22374946]
498.0;[21.1085442   8.64672919  8.42369529 20.22374946]
498.0;[21.90707935  8.48216175  8.42369529 20.22374946]
498.0;[21.90707935  8.64672919  8.07057928 21.77658604]
498.0;[21.1085442   8.64672919  8.07057928 20.22374946]
498.0;[21.90707935  9.43161522  8.07057928 21.27473403]
498.0;[21.90707935  8.64672919  8.07057928 21.27473403]
498.0;[21.1085442   8.48216175  8.42369529 20.22374946]
498.0;[21.90707935  8.64672919  8.07057928 21.27473403]
498.0;[21.90707935  8.64672919  8.42369529 21.77658604]
498.0;[21.1085442   8.64672919  8.07057928 20.22374946]
498.0;[21.1085442   8.48216175  8.42369529 20.22374946]
498.0;[21.90707935  8.64672919  8.07057928 20.22374946]
498.0;[21.90707935  8.48216175  8.42369529 21.77658604]
498.0;[21.1085442   8.48216175  8.07057928 20.22374946]
498.0;[21.90707935  8.64672919  8.07057928 21.77658604]
498.0;[21.49030568  8.64672919  8.07057928 20.22374946]
498.0;[21.90707935  8.64672919  8.42369529 21.27473403]
498.0;[21.90707935  8.64672919  8.42369529 20.22374946]
498.0;[21.1085442   8.64672919  8.42369529 20.22374946]
498.0;[21.90707935  8.64672919  8.07057928 21.77658604]
498.0;[21.90707935  9.43161522  8.07057928 21.27473403]
498.0;[21.90707935  8.48216175  8.42369529 20.22374946]
498.0;[21.90707935  8.64672919  8.07057928 21.77658604]
498.0;[21.1085442   8.64672919  8.07057928 20.22374946]
498.0;[21.90707935  8.48216175  8.07057928 21.77658604]
498.0;[21.49030568  8.64672919  8.07057928 20.22374946]
498.0;[21.90707935  8.64672919  8.42369529 21.27473403]
498.0;[21.90707935  8.64672919  8.42369529 20.22374946]
498.0;[21.1085442   8.64672919  8.42369529 20.22374946]
498.0;[21.90707935  8.64672919  8.07057928 21.77658604]
498.0;[21.90707935  9.43161522  8.07057928 21.27473403]
498.0;[21.1085442   8.64672919  8.42369529 20.14367148]
498.0;[21.90707935  8.64672919  8.42369529 21.27473403]
494.0;[21.90707935  8.64672919  8.42369529 19.38175443]
489.0;[21.49030568  7.86165092  8.07057928 21.77658604]
498.0;[21.1085442   8.48216175  8.07057928 20.22374946]
498.0;[21.90707935  8.64672919  8.07057928 20.22374946]
498.0;[21.90707935  8.64672919  8.07057928 20.22374946]
498.0;[21.90707935  9.43161522  8.42369529 21.27473403]
498.0;[21.90707935  8.64672919  8.07057928 21.77658604]
489.0;[21.90707935  7.26473074  8.07057928 21.77658604]
498.0;[21.90707935  8.64672919  8.42369529 21.27473403]
498.0;[21.1085442   8.64672919  8.42369529 20.22374946]
498.0;[21.90707935  8.48216175  8.42369529 21.77658604]
498.0;[21.49030568  8.64672919  8.07057928 20.22374946]
498.0;[21.1085442   8.48216175  8.07057928 20.22374946]
498.0;[21.90707935  8.64672919  8.07057928 20.22374946]
498.0;[21.90707935  8.64672919  8.42369529 20.22374946]
498.0;[21.90707935  9.43161522  8.07057928 21.27473403]
498.0;[21.90707935  8.64672919  8.07057928 21.77658604]
498.0;[21.90707935  8.64672919  8.07057928 21.77658604]
498.0;[21.90707935  9.43161522  8.42369529 21.27473403]
498.0;[21.90707935  8.64672919  8.42369529 21.27473403]
498.0;[21.90707935  8.64672919  8.07057928 21.27473403]
498.0;[21.1085442   8.48216175  8.42369529 20.22374946]
498.0;[21.90707935  8.64672919  8.42369529 21.77658604]
478.0;[23.57137952  8.56804897  8.07057928 21.77658604]
498.0;[21.90707935  8.64672919  8.07057928 20.14367148]
489.0;[21.1085442   7.17566515  8.42369529 20.22374946]
498.0;[21.1085442   8.64672919  8.42369529 20.22374946]
498.0;[21.90707935  8.64672919  8.07057928 20.22374946]
498.0;[21.90707935  8.64672919  8.42369529 21.27473403]
498.0;[21.90707935  9.43161522  8.42369529 21.27473403]
498.0;[21.90707935  8.64672919  8.42369529 21.27473403]
498.0;[21.1085442   8.48216175  8.07057928 20.22374946]
498.0;[21.90707935  8.48216175  8.42369529 21.77658604]
498.0;[21.90707935  8.64672919  8.07057928 21.77658604]
498.0;[21.90707935  8.64672919  8.07057928 20.22374946]
498.0;[21.1085442   8.64672919  8.42369529 20.14367148]
498.0;[21.1085442   8.64672919  8.42369529 20.22374946]
498.0;[21.90707935  8.64672919  8.07057928 20.22374946]
498.0;[21.1085442   8.64672919  8.42369529 20.22374946]
498.0;[21.90707935  8.64672919  8.42369529 21.27473403]
490.0;[21.90707935  9.43161522  8.42369529 19.84536889]
489.0;[21.90707935  8.64672919  7.6423281  21.27473403]
498.0;[21.90707935  8.69893239  8.42369529 21.27473403]
494.0;[19.93423141  8.64672919  8.07057928 21.27473403]
488.0;[21.1085442   8.48216175 10.21732611 20.88108825]
498.0;[21.90707935  8.37765768  8.07057928 20.22374946]
498.0;[21.90707935  8.64672919  8.07057928 20.22374946]
498.0;[21.90707935  8.64672919  8.87660766 21.77658604]
498.0;[21.1085442   8.64672919  8.42369529 20.22374946]
498.0;[21.90707935  8.64672919  8.42369529 21.27473403]
498.0;[21.90707935  8.64672919  8.42369529 21.27473403]
498.0;[21.90707935  9.43161522  8.42369529 21.27473403]
498.0;[21.90707935  8.64672919  8.07057928 21.27473403]
498.0;[21.90707935  9.43161522  8.42369529 21.27473403]
498.0;[21.90707935  8.64672919  8.07057928 20.14367148]
498.0;[21.1085442   8.48216175  8.42369529 20.22374946]
498.0;[21.90707935  8.64672919  8.42369529 21.77658604]
498.0;[21.90707935  8.64672919  8.07057928 20.22374946]
488.0;[19.51948795  8.64672919  8.07057928 20.22374946]
498.0;[21.90707935  8.37765768  8.42369529 20.22374946]
498.0;[21.90707935  8.64672919  8.87660766 21.77658604]
498.0;[21.90707935  8.64672919  8.07057928 20.22374946]
498.0;[21.90707935  8.64672919  8.42369529 21.27473403]
498.0;[21.90707935  9.43161522  8.42369529 21.27473403]
478.0;[23.6641249   9.07875205  8.42369529 20.22374946]
498.0;[21.1085442   8.64672919  8.42369529 21.27473403]
498.0;[21.90707935  8.69893239  8.42369529 21.27473403]
489.0;[21.90707935  8.64672919  8.42369529 22.76054017]
498.0;[21.1085442   8.64672919  8.42369529 20.22374946]
498.0;[21.90707935  8.37765768  8.07057928 20.22374946]
498.0;[21.90707935  8.64672919  8.07057928 20.22374946]
498.0;[21.90707935  8.64672919  8.87660766 21.77658604]
498.0;[21.90707935  8.64672919  8.42369529 21.27473403]
498.0;[21.90707935  9.43161522  8.42369529 21.27473403]
498.0;[21.90707935  8.64672919  8.42369529 21.27473403]
498.0;[21.1085442   8.64672919  8.42369529 20.22374946]
498.0;[21.90707935  8.69893239  8.42369529 21.27473403]
498.0;[21.90707935  8.64672919  8.42369529 21.27473403]
498.0;[21.90707935  8.37765768  8.42369529 21.27473403]
498.0;[21.90707935  8.69893239  8.07057928 20.22374946]
498.0;[21.1085442   9.43161522  8.42369529 21.27473403]
498.0;[21.90707935  8.64672919  8.42369529 21.27473403]
498.0;[21.1085442   8.64672919  8.42369529 20.22374946]
493.0;[21.90707935  8.64672919  9.6973297  20.22374946]
498.0;[21.90707935  8.64672919  8.87660766 21.77658604]
498.0;[21.90707935  8.64672919  8.07057928 20.22374946]
498.0;[21.90707935  8.37765768  8.42369529 20.22374946]
489.0;[21.90707935  8.64672919  8.42369529 22.29253728]
498.0;[21.90707935  8.69893239  8.42369529 21.27473403]
498.0;[21.90707935  8.37765768  8.07057928 20.22374946]
498.0;[21.1085442   8.64672919  8.42369529 21.27473403]
498.0;[21.90707935  9.43161522  8.42369529 21.27473403]
498.0;[21.90707935  8.64672919  8.07057928 20.22374946]
498.0;[21.1085442   8.64672919  8.42369529 20.22374946]
498.0;[21.90707935  8.64672919  8.07057928 20.22374946]
498.0;[21.90707935  8.64672919  8.87660766 21.77658604]
498.0;[21.90707935  8.37765768  8.42369529 20.22374946]
498.0;[21.90707935  8.64672919  8.42369529 21.27473403]
498.0;[21.90707935  8.64672919  8.07057928 21.27473403]
490.0;[21.90707935 10.67813986  8.42369529 20.22374946]
498.0;[21.90707935  8.69893239  8.07057928 21.27473403]
498.0;[21.90707935  8.37765768  8.42369529 20.22374946]
498.0;[21.90707935  8.64672919  8.87660766 21.77658604]
498.0;[21.90707935  8.37765768  8.07057928 20.22374946]
478.0;[21.90707935  9.41090412  6.59580683 21.27473403]
498.0;[21.90707935  8.64672919  8.42369529 20.22374946]
498.0;[21.1085442   8.64672919  8.42369529 20.22374946]
498.0;[21.1085442   9.43161522  8.42369529 21.27473403]
498.0;[21.90707935  8.64672919  8.07057928 20.22374946]
498.0;[21.90707935  8.69893239  8.42369529 21.27473403]
498.0;[21.90707935  8.37765768  8.42369529 21.27473403]
498.0;[21.90707935  8.69893239  8.07057928 20.22374946]
498.0;[21.90707935  8.37765768  8.07057928 20.22374946]
498.0;[21.90707935  8.64672919  8.87660766 21.77658604]
498.0;[21.90707935  8.37765768  8.42369529 20.22374946]
498.0;[21.90707935  8.64672919  8.42369529 21.27473403]
498.0;[21.1085442   8.64672919  8.42369529 20.22374946]
498.0;[21.1085442   9.43161522  8.42369529 21.27473403]
478.0;[21.90707935  9.43161522  6.92333988 21.27473403]
498.0;[21.1085442   8.69893239  8.42369529 21.27473403]
498.0;[21.90707935  8.69893239  8.42369529 21.27473403]
489.0;[21.90707935  8.64672919  7.14173097 20.22374946]
498.0;[21.90707935  8.64672919  8.07057928 21.77658604]
498.0;[21.90707935  8.64672919  8.87660766 21.27473403]
498.0;[21.1085442   8.64672919  8.42369529 20.22374946]
498.0;[21.90707935  8.64672919  8.07057928 20.22374946]
498.0;[21.90707935  8.81361452  8.07057928 20.22374946]
489.0;[22.95951447  8.37765768  8.42369529 20.22374946]
498.0;[21.1085442   9.43161522  8.42369529 21.27473403]
498.0;[21.90707935  8.69893239  8.07057928 21.27473403]
498.0;[21.90707935  8.64672919  8.42369529 20.22374946]
498.0;[21.90707935  8.69893239  8.42369529 21.27473403]
498.0;[21.90707935  8.64672919  8.87660766 21.77658604]
498.0;[21.90707935  8.64672919  8.07057928 21.27473403]
498.0;[21.1085442   8.64672919  8.42369529 20.22374946]
498.0;[21.90707935  8.64672919  8.07057928 20.22374946]
498.0;[21.90707935  8.37765768  8.07057928 20.22374946]
498.0;[21.90707935  8.37765768  8.42369529 20.22374946]
498.0;[21.90707935  8.69893239  8.07057928 21.27473403]
498.0;[21.90707935  8.69893239  8.42369529 21.27473403]
478.0;[21.90707935  8.64672919  8.42369529 23.10742958]
498.0;[21.90707935  8.64672919  8.87660766 20.22374946]
494.0;[21.1085442   9.34789539  8.07057928 20.22374946]
498.0;[21.90707935  8.64672919  8.42369529 20.84463844]
498.0;[21.1085442   8.81361452  8.07057928 20.22374946]
498.0;[21.90707935  9.43161522  8.42369529 21.27473403]
498.0;[21.90707935  8.64672919  8.07057928 21.27473403]
494.0;[19.8882734   8.69893239  8.42369529 21.47329139]
498.0;[21.90707935  8.69893239  8.07057928 21.27473403]
498.0;[21.90707935  8.69893239  8.42369529 21.27473403]
498.0;[21.90707935  8.64672919  8.42369529 20.22374946]
498.0;[21.90707935  8.64672919  8.87660766 21.27473403]
498.0;[21.90707935  8.64672919  8.07057928 20.22374946]
498.0;[21.1085442   8.64672919  8.42369529 20.22374946]
498.0;[21.1085442   9.43161522  8.42369529 21.27473403]
498.0;[21.90707935  8.81361452  8.07057928 20.22374946]
498.0;[21.90707935  8.64672919  8.07057928 21.77658604]
498.0;[21.1085442   8.69893239  8.42369529 21.27473403]
498.0;[21.1085442   8.81361452  8.07057928 20.22374946]
489.0;[21.90707935  7.74423116  8.07057928 21.27473403]
498.0;[21.90707935  8.46551225  8.42369529 21.27473403]
498.0;[21.90707935  8.69893239  8.07057928 21.27473403]
498.0;[21.90707935  8.64672919  8.9540178  21.27473403]
498.0;[21.90707935  8.69893239  8.42369529 21.27473403]
478.0;[21.90707935  6.70188582  8.42369529 20.62687704]
498.0;[21.90707935  8.64672919  8.87660766 20.84463844]
498.0;[21.90707935  8.64672919  8.42369529 21.27473403]
486.0;[21.90707935 11.00312755  8.42369529 20.22374946]
498.0;[21.90707935  8.69893239  8.07057928 21.27473403]
498.0;[21.1085442   8.81361452  8.07057928 20.22374946]
498.0;[21.90707935  8.69893239  8.42369529 21.27473403]
498.0;[21.90707935  8.69893239  8.07057928 21.27473403]
498.0;[21.90707935  8.69893239  8.42369529 21.27473403]
498.0;[21.90707935  8.64672919  8.07057928 21.27473403]
498.0;[21.90707935  8.64672919  8.42369529 20.84463844]
498.0;[21.90707935  8.64672919  8.87660766 20.22374946]
498.0;[21.90707935  9.43161522  8.42369529 21.27473403]
498.0;[21.90707935  8.64672919  8.42369529 20.22374946]
488.0;[20.85777361  8.69893239  8.42369529 19.55706105]
498.0;[21.90707935  8.69893239  8.07057928 21.27473403]
498.0;[21.90707935  8.46551225  8.07057928 21.27473403]
494.0;[21.1085442   9.40648546  8.42369529 20.22374946]
498.0;[21.90707935  8.64672919  8.87660766 20.84463844]
498.0;[21.90707935  8.64672919  9.88594868 21.27473403]
498.0;[21.1085442   8.81361452  8.07057928 21.27473403]
488.0;[21.90707935  8.69893239 10.22960379 20.22374946]
498.0;[21.90707935  8.64672919  8.07057928 21.27473403]
489.0;[21.90707935  7.81670126 10.08825376 21.27473403]
498.0;[21.90707935  8.69893239  8.07057928 21.27473403]
498.0;[21.90707935  8.69893239  8.42369529 21.27473403]
498.0;[21.1085442   8.81361452  8.07057928 20.22374946]
498.0;[21.90707935  8.46551225  8.42369529 21.27473403]
498.0;[21.90707935  8.64672919  8.87660766 20.84463844]
498.0;[21.90707935  8.64672919  8.9540178  21.27473403]
498.0;[21.90707935  8.69893239  8.42369529 21.27473403]
498.0;[21.1085442   8.81361452  8.07057928 20.22374946]
498.0;[21.90707935  8.69893239  8.07057928 21.27473403]
498.0;[21.90707935  8.64672919  8.42369529 21.27473403]
498.0;[21.1085442   8.81361452  8.07057928 21.21286043]
498.0;[21.90707935  8.69893239  8.07057928 20.94048876]
498.0;[21.90707935  8.64672919  8.87660766 20.22374946]
498.0;[21.1085442   8.81361452  8.14248231 20.84463844]
498.0;[21.90707935  8.69893239  8.42369529 21.27473403]
498.0;[21.90707935  8.46551225  8.07057928 21.27473403]
498.0;[21.90707935  8.64672919  8.02455123 21.27473403]
498.0;[21.90707935  8.69893239  8.07057928 21.27473403]
469.0;[21.90707935  7.65759555  6.35249191 21.40654956]
489.0;[21.90707935  7.85290537  9.88594868 21.27473403]
498.0;[21.1085442   8.81361452  8.07057928 21.27473403]
498.0;[21.90707935  8.69893239  8.07057928 21.27473403]
498.0;[21.90707935  8.64672919  8.87660766 20.84463844]
498.0;[21.1085442   8.81361452  8.07057928 20.22374946]
498.0;[21.90707935  8.46551225  8.42369529 21.27473403]
498.0;[21.90707935  8.69893239  8.07057928 21.27473403]
498.0;[21.90707935  8.69893239  8.42369529 21.27473403]
498.0;[21.90707935  8.64672919  8.07057928 21.27473403]
498.0;[21.90707935  8.46551225  8.07057928 21.27473403]
498.0;[21.90707935  8.64672919  9.88594868 21.27473403]
498.0;[20.19954267  8.69893239  8.12467291 21.27473403]
498.0;[21.90707935  8.69893239  8.07057928 20.94048876]
498.0;[21.90707935  8.64672919  8.02455123 21.27473403]
489.0;[21.90707935  8.64672919  8.87660766 22.02836711]
498.0;[21.90707935  8.81361452  8.07057928 21.27473403]
498.0;[21.1085442   8.69893239  8.14248231 20.84463844]
498.0;[21.90707935  8.46551225  8.07057928 21.27473403]
498.0;[21.90707935  8.69893239  8.42369529 21.27473403]
498.0;[20.56918114  8.81361452  8.07057928 21.21286043]
498.0;[21.1085442   8.81361452  8.07057928 21.27473403]
498.0;[21.90707935  8.69893239  8.07057928 20.94048876]
498.0;[21.90707935  8.69893239  8.07057928 21.27473403]
498.0;[21.90707935  8.64672919  8.87660766 20.22374946]
498.0;[21.90707935  8.64672919  8.02455123 21.27473403]
498.0;[21.90707935  8.69893239  8.07057928 21.27473403]
498.0;[21.1085442   8.81361452  8.14248231 20.84463844]
498.0;[21.90707935  8.69893239  8.42369529 21.27473403]
498.0;[21.90707935  8.46551225  8.07057928 21.27473403]
498.0;[21.1085442   8.81361452  8.07057928 21.21286043]
498.0;[21.1085442   8.81361452  8.07057928 21.27473403]
489.0;[21.90707935  8.69893239  8.07057928 22.76729533]
498.0;[21.90707935  8.46551225  8.07057928 20.94048876]
498.0;[21.1085442   8.22981484  8.65492546 21.27473403]
498.0;[21.1085442   8.81361452  8.14248231 20.84463844]
498.0;[20.56918114  8.69893239  8.07057928 21.21286043]
498.0;[21.90707935  8.81361452  8.33587947 20.94048876]
498.0;[21.90707935  8.64672919  8.12467291 21.27473403]
493.0;[20.19954267  9.58360817  8.02455123 21.71525606]
489.0;[21.90707935  8.81361452  8.42369529 22.77089012]
498.0;[21.90707935  8.69893239  8.07057928 21.27473403]
498.0;[21.90707935  8.69893239  8.07057928 20.94048876]
498.0;[21.90707935  8.46551225  8.07057928 21.27473403]
498.0;[21.1085442   8.69893239  8.14248231 20.84463844]
498.0;[21.1085442   8.81361452  8.07057928 21.27473403]
498.0;[20.56918114  8.81361452  8.07057928 21.21286043]
498.0;[21.90707935  8.69893239  8.07057928 20.94048876]
498.0;[20.19954267  8.69893239  8.12467291 21.27473403]
498.0;[21.90707935  8.64672919  8.02455123 21.27473403]
498.0;[21.90707935  8.81361452  8.07057928 21.27473403]
498.0;[21.90707935  8.69893239  8.42369529 21.27473403]
498.0;[21.1085442   8.46551225  8.55953273 20.84463844]
493.0;[20.76190237  8.69893239  8.07057928 20.94048876]
498.0;[21.1085442   8.81361452  8.14248231 20.94048876]
498.0;[21.90707935  8.69893239  8.07057928 20.84463844]
498.0;[21.90707935  8.69893239  8.12467291 20.44631538]
498.0;[21.90707935  8.64672919  8.07057928 21.27473403]
498.0;[20.56918114  8.46551225  8.07057928 21.27473403]
498.0;[21.90707935  8.69893239  8.07057928 21.21286043]
469.0;[22.66745064  6.9096135   8.33587947 21.27473403]
498.0;[21.1085442   8.22981484  8.65492546 20.94048876]
498.0;[21.90707935  8.46551225  8.07057928 20.94048876]
498.0;[21.1085442   8.69893239  8.14248231 20.84463844]
498.0;[21.1085442   8.81361452  8.14248231 20.84463844]
498.0;[21.90707935  8.69893239  8.07057928 20.94048876]
498.0;[21.90707935  8.69893239  8.07057928 21.27473403]
498.0;[21.90707935  8.64672919  8.12467291 21.27473403]
498.0;[21.90707935  8.46551225  8.07057928 21.27473403]
498.0;[20.56918114  8.69893239  8.07057928 21.21286043]
498.0;[21.1085442   8.22981484  8.65492546 21.27473403]
498.0;[21.90707935  8.81361452  8.33587947 20.94048876]
498.0;[21.1085442   8.24042305  8.14248231 21.01877587]
498.0;[21.90707935  8.46551225  8.07057928 20.94048876]
489.0;[21.1085442   7.6742871   8.55953273 20.84463844]
498.0;[21.90707935  8.46551225  8.07057928 21.27473403]
498.0;[21.1085442   8.10123616  8.03535405 21.21286043]
493.0;[21.90707935  8.69893239  9.47741397 20.94048876]
478.0;[21.1085442   8.69893239  6.23848863 20.84463844]
498.0;[21.90707935  8.69893239  8.07057928 20.84463844]
498.0;[21.90707935  8.69893239  8.12467291 21.27473403]
493.0;[20.56918114  8.46551225  8.07057928 20.44631538]
498.0;[21.1085442   8.81361452  8.14248231 20.94048876]
498.0;[21.90707935  8.46551225  8.07057928 20.94048876]
498.0;[21.90707935  8.64672919  8.07057928 21.27473403]
498.0;[21.1085442   8.46551225  8.55953273 20.84463844]
498.0;[21.1085442   8.22981484  8.65492546 20.94048876]
498.0;[21.90707935  8.69893239  8.07057928 21.21286043]
498.0;[21.90707935  8.69893239  8.07057928 20.84463844]
498.0;[21.1085442   8.69893239  8.14248231 20.84463844]
498.0;[20.56918114  8.46551225  8.07057928 21.27473403]
498.0;[21.90707935  8.69893239  8.12467291 20.44631538]
498.0;[21.1085442   8.24042305  8.07057928 21.01877587]
498.0;[21.90707935  8.64672919  8.14248231 21.27473403]
498.0;[21.90707935  8.65248866  8.07057928 20.94048876]
498.0;[21.90707935  8.46551225  8.07057928 20.84463844]
498.0;[21.90707935  8.46551225  8.14248231 21.27473403]
498.0;[21.1085442   8.81361452  8.07057928 20.94048876]
498.0;[21.1085442   8.46551225  8.55953273 20.84463844]
498.0;[21.90707935  8.69893239  8.12467291 21.27473403]
478.0;[21.1085442   8.46551225  6.58031152 21.21286043]
493.0;[21.90707935  8.10123616  9.14225633 20.94048876]
498.0;[21.1085442   8.24042305  8.14248231 21.01877587]
498.0;[21.90707935  8.64672919  8.07057928 21.27473403]
498.0;[21.90707935  8.46551225  8.07057928 20.94048876]
498.0;[21.90707935  8.69893239  8.07057928 20.84463844]
498.0;[21.1085442   8.81361452  8.14248231 20.94048876]
498.0;[21.90707935  8.46551225  8.07057928 21.27473403]
498.0;[21.90707935  8.69893239  8.12467291 21.27473403]
498.0;[21.1085442   8.46551225  8.55953273 20.84463844]
498.0;[21.1085442   8.10123616  8.03535405 21.21286043]
498.0;[21.90707935  8.46551225  8.07057928 20.94048876]
494.0;[21.1085442   8.81361452  8.55953273 19.589099  ]
498.0;[21.25043567  8.46551225  8.07057928 20.84463844]
498.0;[21.90707935  8.46551225  8.07057928 21.27473403]
498.0;[21.90707935  8.46551225  8.14248231 20.84463844]
478.0;[23.51792026  8.24042305  8.14248231 21.27473403]
478.0;[21.1085442   8.64672919  6.95403685 21.01877587]
478.0;[21.90707935  8.64672919  6.67334017 20.94048876]
498.0;[21.90707935  8.65248866  8.07057928 21.27473403]
498.0;[21.1085442   8.24042305  8.14248231 21.27473403]
498.0;[21.90707935  8.69893239  8.12467291 21.01877587]
498.0;[21.1085442   8.81361452  8.07057928 20.94048876]
498.0;[21.1085442   8.46551225  8.55953273 20.84463844]
498.0;[21.90707935  8.46551225  8.07057928 20.84463844]
498.0;[21.90707935  8.46551225  8.14248231 21.27473403]
498.0;[21.1085442   8.24042305  8.07057928 21.01877587]
498.0;[21.90707935  8.64672919  8.14248231 21.27473403]
498.0;[21.90707935  8.64672919  8.07057928 21.27473403]
498.0;[21.90707935  8.65248866  8.07057928 20.94048876]
498.0;[21.90707935  8.69893239  8.12467291 21.27473403]
498.0;[21.1085442   8.24042305  8.14248231 21.01877587]
498.0;[21.90707935  8.65248866  8.07057928 20.94048876]
498.0;[21.13294511  8.81361452  8.07057928 21.27473403]
498.0;[21.1085442   8.24042305  8.14248231 20.84463844]
498.0;[21.90707935  8.46551225  8.14248231 21.27473403]
493.0;[20.64232219  8.46551225  8.55953273 20.84463844]
498.0;[21.1085442   8.46551225  8.07057928 20.84463844]
498.0;[21.90707935  8.46551225  8.07057928 21.27473403]
498.0;[21.90707935  8.46551225  8.14248231 21.27473403]
498.0;[21.90707935  8.69893239  8.12467291 21.01877587]
480.0;[22.20813927  8.46551225  7.33937423 20.84463844]
498.0;[21.1085442   8.81361452  8.07057928 20.94048876]
498.0;[21.90707935  8.65248866  8.07057928 21.27473403]
498.0;[21.1085442   8.24042305  8.14248231 21.27473403]
498.0;[21.90707935  8.46551225  8.14248231 20.84463844]
498.0;[21.25043567  8.46551225  8.07057928 20.84463844]
498.0;[21.1085442   8.46551225  8.55953273 20.84463844]
498.0;[21.90707935  8.46551225  8.07057928 21.27473403]
498.0;[21.90707935  8.46551225  8.14248231 21.27473403]
498.0;[21.90707935  8.46551225  8.07057928 20.84463844]
498.0;[21.90707935  8.69893239  8.12467291 21.01877587]
498.0;[21.90707935  8.46551225  8.07057928 21.27473403]
498.0;[21.1085442   8.24042305  8.14248231 20.84463844]
498.0;[21.90707935  8.46551225  8.07057928 20.84463844]
498.0;[21.1085442   8.46551225  8.14248231 21.27473403]
489.0;[22.02520203  8.46551225  8.14248231 21.27473403]
498.0;[21.90707935  8.69893239  8.12467291 20.72452448]
498.0;[21.90707935  8.65248866  8.07057928 21.27473403]
488.0;[19.33256852  8.81361452  8.07057928 20.94048876]
498.0;[21.90707935  8.65248866  8.43241545 21.27473403]
493.0;[20.4690278   8.81361452  8.07057928 20.94048876]
498.0;[21.90707935  8.46551225  8.07057928 21.27473403]
498.0;[21.1085442   8.24042305  8.14248231 20.84463844]
498.0;[21.1085442   8.46551225  8.07057928 20.84463844]
498.0;[21.90707935  8.46551225  8.14248231 21.27473403]
498.0;[21.90707935  8.69893239  8.12467291 21.01877587]
498.0;[21.90707935  8.46551225  8.14248231 21.27473403]
498.0;[21.90707935  8.65248866  8.07057928 20.94048876]
498.0;[21.13294511  8.81361452  8.07057928 21.27473403]
498.0;[21.1085442   8.81361452  8.07057928 20.94048876]
498.0;[21.90707935  8.65248866  8.07057928 21.27473403]
498.0;[21.90707935  8.65248866  8.43241545 21.27473403]
498.0;[21.90707935  8.65248866  8.07057928 21.27473403]
489.0;[21.56196542  8.69893239  8.12467291 22.75943187]
498.0;[21.90707935  8.46551225  8.07057928 20.72452448]
498.0;[21.1085442   8.46551225  8.07057928 20.84463844]
498.0;[21.1085442   8.24042305  8.14248231 20.84463844]
498.0;[21.1085442   8.24042305  8.07057928 20.84463844]
494.0;[21.90707935  9.67836107  8.14248231 20.84463844]
489.0;[21.17723459  7.67904823  8.07057928 21.6460581 ]
498.0;[21.90707935  8.46551225  8.14248231 21.27473403]
498.0;[21.90707935  8.65248866  8.43241545 21.27473403]
498.0;[21.90707935  8.65248866  8.07057928 21.27473403]
498.0;[21.90707935  8.46551225  8.07057928 21.27473403]
498.0;[21.90707935  8.69893239  8.12467291 20.72452448]
498.0;[21.1085442   8.46551225  8.07057928 20.84463844]
498.0;[21.1085442   8.24042305  8.14248231 20.84463844]
498.0;[21.90707935  8.46551225  8.07057928 20.84463844]
498.0;[21.1085442   8.24042305  8.14248231 20.84463844]
498.0;[21.1085442   8.46551225  8.14248231 21.27473403]
498.0;[21.90707935  8.46551225  8.07057928 21.27473403]
478.0;[23.74911165  8.46551225  8.43241545 21.27473403]
498.0;[21.90707935  8.65248866  8.14248231 21.27473403]
498.0;[21.90707935  8.65248866  8.43241545 21.31133859]
498.0;[21.1085442   8.24042305  8.07057928 21.85386782]
498.0;[21.1085442   8.52578901  8.07057928 21.27473403]
489.0;[22.26879495  8.65248866  8.07057928 20.84463844]
498.0;[21.90707935  8.65248866  8.07057928 20.72452448]
498.0;[21.90707935  8.46551225  8.07057928 21.27473403]
498.0;[21.1085442   8.46551225  8.07057928 21.27473403]
489.0;[21.90707935  7.37891043  8.14248231 20.84463844]
498.0;[21.90707935  8.46551225  8.14248231 21.27473403]
498.0;[21.90707935  8.65248866  8.43241545 21.27473403]
498.0;[21.1085442   8.24042305  8.07057928 20.84463844]
498.0;[21.90707935  8.65248866  8.43241545 21.27473403]
498.0;[21.1085442   8.46551225  8.07057928 20.84463844]
498.0;[21.90707935  8.65248866  8.07057928 21.27473403]
498.0;[21.90707935  8.46551225  8.07057928 20.72452448]
498.0;[21.90707935  8.65248866  8.07057928 21.27473403]
498.0;[21.90707935  8.46551225  8.07057928 21.27473403]
498.0;[21.1085442   8.24042305  8.14248231 20.84463844]
498.0;[21.90707935  8.65248866  8.07057928 21.27473403]
498.0;[21.90707935  8.65248866  8.14248231 20.72452448]
498.0;[21.1085442   8.46551225  8.07057928 21.27473403]
498.0;[21.1085442   8.24042305  9.92912832 21.85386782]
498.0;[21.90707935  9.17688555  8.07057928 21.27473403]
498.0;[20.09535117  8.46551225  8.14248231 21.27473403]
498.0;[21.90707935  8.24042305  8.07057928 21.27473403]
498.0;[21.1085442   8.46551225  8.07057928 20.84463844]
498.0;[21.90707935  8.65248866  8.43241545 21.31133859]
498.0;[21.90707935  8.65248866  8.43241545 21.27473403]
498.0;[21.90707935  8.65248866  8.07057928 20.72452448]
498.0;[21.90707935  8.65248866  8.14248231 21.27473403]
498.0;[21.1085442   8.46551225  8.07057928 21.27473403]
498.0;[21.1085442   8.24042305  8.07057928 21.85386782]
498.0;[21.90707935  8.46551225  8.14248231 21.27473403]
498.0;[21.1085442   8.52578901  8.07057928 21.27473403]
498.0;[21.1085442   8.24042305  8.07057928 20.84463844]
498.0;[21.90707935  8.46551225  8.07057928 21.27473403]
498.0;[21.90707935  8.65248866  8.43241545 21.31133859]
498.0;[21.90707935  8.65248866  8.43241545 21.27473403]
